2.056508078566428865e-01 1.130229792529007654e-01 5.982415877021853706e-02 3.066999242514688653e-02 1.578909755563957448e-02 7.928399892571501989e-03 3.942776115588453138e-03 2.839866378429417929e-03 2.776638736377293019e-03 3.747427310189996308e-03 6.341509220521492074e-03 1.093484682005714873e-02 1.727656668347761493e-02 2.100014792297653574e-02 2.073955514101226069e-02 1.625688076854767475e-02 1.055667198985451964e-02
1.769340719621288879e-03 1.904782601707097171e-03 1.222163363164945451e-03 9.908796144988147453e-04 1.117658159119361023e-03 1.076745205434519485e-03 9.947659442779220162e-04 9.122674252225785284e-04 8.145306371229985064e-04 1.092332347061962614e-03 9.514958343701054606e-04 8.717946121068351163e-04 1.083313220957116130e-03 8.598902488234261461e-04 1.089449925166527736e-03 7.731219348472052758e-04 1.118907662107714290e-03
7.892267058542060121e-02 4.951656623131022589e-02 2.834325489941913467e-02 1.577841018582113591e-02 8.535839494654546417e-03 4.838652748169864314e-03 3.530521367882241170e-03 3.383452777685051673e-03 3.513474424159294864e-03 4.288515536645462131e-03 6.926030770706827037e-03 1.114647566462828414e-02 1.645286654173084770e-02 2.118360794289730203e-02 2.074088679505702720e-02 1.650919552183630762e-02 1.075574922353030212e-02
7.825927862613478361e-04 9.078308020570791592e-04 8.826468065284070541e-04 6.440371237516584165e-04 9.275280213473450618e-04 7.120662044880491292e-04 6.668263127546282141e-04 1.015533949696297185e-03 1.088216512920820757e-03 9.708561047125663932e-04 7.094871303695041110e-04 9.015422949571904763e-04 1.248492714714153013e-03 1.014590279698195053e-03 8.935547499480431905e-04 1.125723204043992554e-03 1.298457604351125607e-03
2.714000411446167334e-03 2.579158640479487386e-03 2.628987310562322117e-03 2.328110404381119724e-03 2.841081271699658507e-03 2.498713440237027451e-03 2.680184560925034237e-03 2.421463473503546703e-03 2.294111806764602326e-03 2.851509646541056705e-03 2.415494216817795289e-03 2.534400463654849344e-03 2.477293522297154080e-03 2.516269001379038174e-03 2.527243136936435479e-03 2.454852712447153345e-03 2.833142834845232307e-03
7.846954669239400177e-04 9.260910383363315937e-04 9.043742448600139905e-04 6.490739619094631173e-04 6.877944449381023480e-04 7.572178076371446865e-04 9.506601835495598644e-04 6.819782251793048578e-04 5.833961890882165702e-04 1.261609355053667364e-03 9.705092168272799139e-04 6.619365592455657768e-04 1.021888561493390505e-03 6.449024780992006775e-04 7.901165346739384742e-04 8.625497586107829136e-04 9.595369838422071213e-04
2.449358669824913421e-03 2.599413979874547892e-03 2.559118568412945167e-03 2.632210507563988080e-03 2.725625489375229759e-03 2.722109904810917930e-03 2.398416757606616333e-03 2.674579283541382493e-03 2.847273740547576378e-03 4.318710623714850511e-03 6.680693213808784614e-03 1.094181684718845138e-02 1.721027595778673244e-02 2.111749790652424005e-02 2.076759477328580725e-02 1.628486290609856835e-02 1.144449277753179298e-02
8.387948446027789027e-04 9.624417862425004369e-04 7.244770040152394850e-04 9.052951055351697671e-04 1.052589715472959132e-03 6.946643935998658096e-04 5.478838113848977318e-04 7.846980841027174263e-04 7.577420440140294512e-04 1.200834283621143731e-03 1.413107517520323939e-03 1.306601596804438667e-03 1.061681219986325680e-03 1.088709712147767393e-03 1.105739526415523916e-03 1.136670283410675785e-03 1.436592096294556520e-03
2.498954223649947366e-03 2.650035008588303050e-03 2.597717456174934887e-03 2.725395358286443297e-03 2.240908970617012767e-03 2.733774799322645412e-03 2.950895918160652363e-03 2.966855848737230683e-03 3.090190712198916632e-03 4.402965408891072047e-03 6.878110720162475440e-03 1.166876454070936951e-02 1.718686703427315526e-02 2.125862343058476656e-02 2.092608420817474238e-02 1.585586845362451161e-02 1.093917368848027795e-02
9.273223833186808969e-04 9.271397262101518022e-04 1.106099477542563147e-03 8.280704172572531411e-04 6.813858216589565404e-04 9.894340537527535236e-04 9.217522951859550727e-04 1.176508348841363068e-03 8.406583001446528251e-04 1.106787698459470301e-03 7.727353984946457900e-04 1.027840757752622285e-03 9.725434999139327078e-04 1.010650328339851058e-03 1.025142150966321629e-03 8.843953723714030862e-04 1.233281171942460187e-03
