1.026776631458464761e-01 6.270150116589623401e-02 3.790397509688261252e-02 2.601053949176963462e-02 2.395603749524127454e-02 2.541785415485335251e-02 2.350947627756753977e-02 1.754545541538975878e-02 1.127104948092023592e-02 6.663041885764569086e-03 3.808635106169170996e-03 2.948918511345755260e-03 2.522428804215173792e-03 2.369064361555730386e-03 2.571615896960627486e-03 2.673401214279616349e-03 2.759801197449398939e-03
1.047932600769729220e-03 8.553581431969036267e-04 7.193900957069567729e-04 6.803539519246970231e-04 1.069527255309180719e-03 9.520144067808162212e-04 1.144894016096189519e-03 1.077126791719946195e-03 1.283555840854260595e-03 1.179735677112232718e-03 9.511948201716106813e-04 8.986681553789888999e-04 9.680823871683920650e-04 7.017756612491063287e-04 8.415368106194045421e-04 8.661745682184764398e-04 9.847128716923270447e-04
1.030628364988944445e-01 6.283566057691185314e-02 3.795965461054263967e-02 2.652196556055838594e-02 2.452738036578569134e-02 2.511252669310423680e-02 2.327542341200460399e-02 1.798288939308752277e-02 1.090883680125590526e-02 6.551788200177220516e-03 3.648340883601693032e-03 3.006151114329334503e-03 2.888424847855797402e-03 2.469899338891844501e-03 2.363871773189144248e-03 2.378318702718511344e-03 2.403922515711751258e-03
9.611767594568095072e-04 5.885920835242772079e-04 9.829790227886222621e-04 6.295984740583823779e-04 7.697429610038419509e-04 8.835562136011104002e-04 9.226637928097782210e-04 7.772776241136191214e-04 1.096489677937748661e-03 1.002378000578333555e-03 9.069221481487827396e-04 1.073702082339119844e-03 9.280342038841467604e-04 5.755351278512062501e-04 9.716459995642397944e-04 6.280602951260768436e-04 6.407239458524525109e-04
4.252979074127693181e-03 3.617188401513685928e-03 2.925352982981918940e-03 2.698984752385140493e-03 2.481399546560714674e-03 2.422521165593769128e-03 2.390446229132060611e-03 2.738845206731804587e-03 2.588051626358668558e-03 2.245647597960969289e-03 2.222945277407864951e-03 2.545042305412120471e-03 2.471846902528559466e-03 2.541652459023994743e-03 2.787655162234301508e-03 2.673637172570166899e-03 2.430655153078785640e-03
8.185505342928000271e-04 7.024006800909570174e-04 6.323480843874882329e-04 7.250815152698854944e-04 9.385886880582931411e-04 7.734477061571523072e-04 6.181169289626751648e-04 1.084415088080549396e-03 1.044979389847585554e-03 6.909044962987471051e-04 6.400891109011186278e-04 1.012545748348832883e-03 6.205660688144412542e-04 7.974649859807078937e-04 8.379956561726580001e-04 7.640570956419856031e-04 6.399097796599809195e-04
5.643691777785959929e-03 4.247201289630514812e-03 3.083596454734826263e-03 7.000889204475117984e-03 1.385928877075991161e-02 1.847907680361202815e-02 1.897494265540663333e-02 1.464850362044488666e-02 9.507841740489648280e-03 5.565580666340157190e-03 3.746297137806046951e-03 2.861811181164435145e-03 2.598232033822704418e-03 2.918681731035126757e-03 2.864078734534643116e-03 2.715540788013701395e-03 2.498244423277543817e-03
9.485214431150059723e-04 6.880132393139659023e-04 5.727847995553291818e-04 1.076380050068615748e-03 1.174685036132272053e-03 8.063093959018065174e-04 9.661587749893371917e-04 1.120213388254950220e-03 8.098707953561915755e-04 9.358292157636737474e-04 7.126990911426414090e-04 9.313023721660416455e-04 7.410801217316660607e-04 9.219852243144757969e-04 7.585830356180347372e-04 9.767821531519063454e-04 9.947862288866165820e-04
5.567174926908826857e-03 4.195668690063761828e-03 3.364680677911027762e-03 7.268629040557151796e-03 1.402142298860336277e-02 1.843530105571448627e-02 1.891590723066784510e-02 1.459451177523867979e-02 9.791694369497828260e-03 5.306547178885805474e-03 3.609217801069632137e-03 2.614239348075860642e-03 2.395573782009405815e-03 2.252392760837004272e-03 2.399549900699919983e-03 2.601812745837422426e-03 2.462680936557230284e-03
9.157664105181956499e-04 9.099588631507266653e-04 8.431376141415799184e-04 1.397994362617136898e-03 1.141655887425334923e-03 1.176740761296433133e-03 7.796733347547201874e-04 9.878631526099165231e-04 8.558420502075067679e-04 7.754533948155947721e-04 9.604174403129252030e-04 6.891142634872460216e-04 6.361264756473014809e-04 7.043107928022689134e-04 7.125809749802240354e-04 8.846967864933231876e-04 8.922791716052197800e-04
