8.926959845231664803e-02 6.683310610690681997e-02 5.278851111068227908e-02 4.461345663943196149e-02 3.931004542875529001e-02 3.591490575636867300e-02 3.325619634639820354e-02 3.059426001102066861e-02 2.735936422538075632e-02 2.314888510447028411e-02 1.739096773166808399e-02 1.125393041142155534e-02 6.688435815590869533e-03 3.876517642543619337e-03 2.039743670062363779e-03 1.439653218490712008e-03 1.067096550250943134e-03
8.013498494097143600e-04 6.888538365904484052e-04 5.026093548646085084e-04 4.543571570894969149e-04 3.499876586971389968e-04 3.446587791046083218e-04 4.587974772331621055e-04 4.844370536681259299e-04 3.269557661268957319e-04 3.729803470284928256e-04 5.001372136885068841e-04 3.790650731649431696e-04 3.677755795799583349e-04 3.646860148941200876e-04 3.383313579757952030e-04 3.727121032401771819e-04 2.655480393812173620e-04
2.801488829863109722e-02 3.176969549283652910e-02 3.400856989820408988e-02 3.464351288840245013e-02 3.455512590362255776e-02 3.345723449653646014e-02 3.220218351348970443e-02 3.002519088231666092e-02 2.698918161608144378e-02 2.283307969685847288e-02 1.728268694500484717e-02 1.149908985446454826e-02 6.849986751620828693e-03 3.714475049928310686e-03 2.247063320092325140e-03 1.362536760736083197e-03 1.283150025307140544e-03
4.301158901755016816e-04 3.901292871087135581e-04 4.375527545200750146e-04 4.289264770879025425e-04 4.741510468962190799e-04 4.461100705717682062e-04 4.605443063687567670e-04 4.186497089870613300e-04 4.064336252742813973e-04 4.914900527288613421e-04 4.217465611152359508e-04 3.891729562924637481e-04 4.801540186048241675e-04 4.396897419240005864e-04 2.653976477697701764e-04 2.363370520882319048e-04 4.373756379727449916e-04
2.255902794321750782e-01 1.741181671379924412e-01 1.224160659011782615e-01 7.471907557838580738e-02 3.415432098314522685e-02 1.044962241685429977e-02 5.459461031478561599e-03 7.776597556749263555e-03 9.881461859809642992e-03 9.139219787538470710e-03 5.572040061384542740e-03 2.526355034428033868e-03 1.207730967211251803e-03 1.193490248089077669e-03 1.132742630152885552e-03 9.330987956284323218e-04 1.069280741949322653e-03
3.131951435007382985e-03 1.820536419263404362e-03 1.410983655437206014e-03 6.209565446229712692e-04 5.559064542847850284e-04 3.942091634896835082e-04 3.232794910157762622e-04 4.068464459724110060e-04 3.269781824922957016e-04 4.358221910775986110e-04 3.925911683852372001e-04 4.189490460662111788e-04 2.720202952481494299e-04 4.175774066436111214e-04 4.718525317051803537e-04 2.612482673511974988e-04 3.918184190573057238e-04
3.686738528246298607e-02 3.828146185797727530e-02 3.797783074487357663e-02 3.677953187889149850e-02 3.470599701330261133e-02 3.315161893167288543e-02 3.168424418821500638e-02 2.972099232883777115e-02 2.688164584807762464e-02 2.284579907823525158e-02 1.734011021207693820e-02 1.148229815510919301e-02 6.634349310194823275e-03 3.866648252799703787e-03 2.031403585205953776e-03 1.362586753218857126e-03 1.230584862121196759e-03
5.035514748836126620e-04 4.312899261749145500e-04 4.192728265976704586e-04 2.537564287564067901e-04 4.157462611043203347e-04 4.137404498807681157e-04 3.707810134510924394e-04 4.633403910263031531e-04 4.199149040119303823e-04 3.774846987396748236e-04 4.476399043705344620e-04 4.192653500670606714e-04 3.038351554898863953e-04 2.588462145178800980e-04 3.301285304597854258e-04 3.729966104283244290e-04 4.003388376895391826e-04
3.677430733523066181e-02 3.810984533794488371e-02 3.780711878139316612e-02 3.643274085278937202e-02 3.461254173762710884e-02 3.317918719818270523e-02 3.173813579218505432e-02 2.962651632320614098e-02 2.691825005733616827e-02 2.277960742499065758e-02 1.715243818877109153e-02 1.127061333495247425e-02 6.914692962732593359e-03 3.773139425912565206e-03 2.086843139325705171e-03 1.346379003392372516e-03 1.145949076967774658e-03
5.397882198017855265e-04 3.972457874546621412e-04 3.545201344514679583e-04 3.604586173812994281e-04 3.139404671671704194e-04 3.744121287971317793e-04 3.955320062053929503e-04 4.175609929411019873e-04 3.696235707384027953e-04 3.394691664474762025e-04 3.845145470210553770e-04 4.944812202244225309e-04 4.317068183355405155e-04 4.316653034592545456e-04 2.927549507507746542e-04 3.259396504158208903e-04 3.296987561115046384e-04
