1.586268006291493282e-01 1.675346519433639769e-01 1.761085469526324498e-01 1.869207148763308290e-01 1.843471928962481243e-01 1.669925234856999563e-01 1.457580152447865429e-01 1.297846152703435452e-01 1.199290069480967447e-01 1.139737886971111669e-01 1.113644974643193952e-01 1.094889438177456126e-01 1.090449321360945634e-01 1.086426082745300531e-01 1.080620952033969351e-01 1.082796256724679884e-01 1.084614571550730489e-01
7.056276631498547029e-04 9.117373994064691903e-04 6.124360610657732630e-04 6.612263365822477514e-04 8.209266867768958038e-04 9.084316351713053262e-04 7.226965134534934750e-04 7.312257612735922939e-04 1.137882487102177169e-03 4.190990188263968557e-04 7.941872460942059038e-04 7.447798667439284662e-04 8.800656495970501664e-04 1.058891580350249800e-03 9.845481989076384274e-04 6.759872495501012503e-04 7.100725134312619842e-04
3.135937582771693433e-01 2.283066135773059724e-01 1.965163181446308305e-01 1.937109836466655577e-01 1.875017470373473716e-01 1.684612000584321256e-01 1.468226431480975647e-01 1.299681612010615273e-01 1.198190749288691875e-01 1.144595150827051044e-01 1.112319447719373466e-01 1.098464020470884400e-01 1.093933243139339345e-01 1.084386171941987553e-01 1.083261529201981765e-01 1.081860437307411715e-01 1.083576976370361350e-01
6.552606002609533131e-04 8.024666465357938126e-04 7.595741178460392986e-04 7.717692196097912386e-04 6.469431867186138533e-04 1.009462862180183617e-03 9.071293563452935589e-04 1.065386379170264394e-03 7.483454470681460448e-04 6.966724560962555581e-04 7.881174681549100915e-04 6.780469227932471631e-04 5.853202911987622197e-04 8.091537991722806081e-04 8.128035232480328642e-04 9.124210571696304232e-04 8.000466923289437440e-04
2.001915556698131288e-02 4.790633515757211115e-03 3.936256132685807610e-03 2.378438525123245315e-03 2.328092736516453216e-03 2.394585695372597467e-03 2.408685176075164684e-03 2.708094558873702391e-03 2.373546099226350910e-03 2.320353125141696744e-03 2.380180485423302218e-03 2.353363377383400380e-03 2.225922790650964374e-03 2.603432417812357336e-03 2.606653771288687440e-03 2.550280081731178070e-03 2.250810630695598835e-03
8.795186702364010244e-04 8.082329065094491938e-04 7.255866678436506765e-04 5.045308133767449675e-04 5.549286479480269353e-04 6.738969554387905844e-04 8.277637551988877148e-04 1.157430321961182848e-03 6.092257718686573372e-04 8.853120517614130507e-04 8.151411683613600306e-04 5.919172288074703303e-04 5.401968530443053895e-04 6.751170481250172439e-04 9.132273565730264931e-04 9.858661498819791796e-04 7.511011907389206470e-04
6.462541657505235793e-02 8.584618698540548432e-02 1.122635348932680549e-01 1.359246066688623855e-01 1.457378079329642584e-01 1.410315240058372666e-01 1.301580932472960472e-01 1.211712869691592837e-01 1.152191494003106109e-01 1.117858017891294881e-01 1.102151931511381189e-01 1.091663900765932060e-01 1.085649351816519587e-01 1.086669153834939755e-01 1.078721407903395074e-01 1.080963672964073002e-01 1.082546197356279577e-01
9.427712915928117623e-04 8.122379684065958493e-04 6.145116056580558110e-04 9.026112926684267063e-04 7.897104192464447434e-04 8.150442282324396864e-04 7.473247039018300012e-04 7.268752550261090451e-04 8.957755583216463159e-04 8.132464570454406641e-04 7.887871681662002527e-04 6.412560711809028478e-04 6.652295910551686044e-04 7.894079968401040591e-04 8.415216618972169629e-04 5.766644274806231180e-04 6.626356689386767636e-04
6.472469469162103750e-02 8.573937027412385781e-02 1.130700966314293898e-01 1.367957983207877537e-01 1.463953148157301209e-01 1.412443954030804250e-01 1.309610042489421644e-01 1.212918120393695898e-01 1.153991657350636191e-01 1.119076613352696092e-01 1.097625274050809951e-01 1.090578682699056001e-01 1.092143528795035679e-01 1.084807438325306322e-01 1.084791358458137428e-01 1.082776832150388613e-01 1.078328119098773408e-01
8.987489926458944048e-04 8.875936314292188047e-04 9.240696251465560680e-04 9.950631359077462355e-04 6.264313686769972358e-04 6.958242713689102507e-04 5.958274753690213270e-04 7.571791141664386410e-04 8.018212322664938860e-04 8.497483298930151368e-04 6.432297910269922170e-04 7.813147074692280243e-04 9.101520195559765309e-04 5.241197108671358544e-04 8.873623851291475868e-04 7.033069751205318519e-04 8.165020381721733046e-04
