1.419938582622276846e-01 1.330142309495750130e-01 9.842834473549125218e-02 7.017222625220370658e-02 6.133125013603506204e-02 7.014712236178471949e-02 8.302072567292449745e-02
4.928446951523743000e-03 4.802048013367126583e-03 4.373466486676797285e-03 3.275356861636036926e-03 1.742179390894084846e-03 1.067643900693909711e-03 1.168544565402671823e-03
5.771596835303731930e-03 8.325567107896173630e-03 1.321627209001404769e-02 2.244635025572798773e-02 3.716478140706325206e-02 5.680949209395682459e-02 7.407529320299857667e-02
5.844335134364353826e-03 8.273393907431056057e-03 1.307706259487903880e-02 2.256197842105114870e-02 3.722307597476688656e-02 5.678826984475435907e-02 7.417438572099518956e-02
3.208359852397759671e-01 1.992514346170258799e-01 1.185547564098531070e-01 7.565596692753984165e-02 6.242966310242773625e-02 7.046100770468397001e-02 8.317116855373611617e-02
3.325501038920189900e-04 2.955455222320545606e-04 2.493919377667567832e-04 4.302776638824877347e-04 4.007213939393684723e-04 3.222132202216673584e-04 4.001759109486625410e-04
2.408272304554052372e-04 3.044408602426572244e-04 2.990581501379785422e-04 3.897032034392999443e-04 3.523745165452898563e-04 1.736836464228654010e-04 2.946053979468755686e-04
3.903218055955509939e-04 5.294270630484729755e-04 4.916315508074674224e-04 2.845790014820256844e-04 4.456436410560633376e-04 3.517013689543979030e-04 2.957152347319333776e-04
4.092606848227563860e-04 4.373480487591498763e-04 3.844084810418976501e-04 4.086814188439886119e-04 5.300328904593205881e-04 4.366355688351989924e-04 3.030438790462399519e-04
2.663055444956430101e-04 3.453141512530572194e-04 3.071838239904243302e-04 2.835074975016205830e-04 3.981890699825912472e-04 3.751040546166030886e-04 3.819137230499473359e-04
