1.431406097399117172e-01 1.325912592338534535e-01 9.307571017428296900e-02 5.647185912798642626e-02 3.301990141865289441e-02 2.216968395232647021e-02 2.195104795360613287e-02
1.383822222072378112e-03 1.078268322315452605e-03 1.208282996736142817e-03 1.324363618153840023e-03 1.211161697848130289e-03 1.209209640522191645e-03 1.212309673449941168e-03
1.616090042403445269e-03 1.811481708361188702e-03 2.060376994539512424e-03 3.242880337830172325e-03 5.133088545508967052e-03 9.403521806568554756e-03 1.680494300157301529e-02
1.374890911338781923e-03 1.701372095688697241e-03 2.196067145214165243e-03 2.912643003744804730e-03 5.254715938640535169e-03 9.408349155643957670e-03 1.707828259902642934e-02
3.238688126707338633e-01 1.986364898298374482e-01 1.128450901858755601e-01 6.173554754123633526e-02 3.460065712223654721e-02 2.240185450127376091e-02 2.214314108850095816e-02
4.157031162324382394e-04 3.246444830559452508e-04 2.895970333097069882e-04 2.494757368179677292e-04 3.291095992334231455e-04 4.337886128254650714e-04 4.024705832833426196e-04
4.915101846804425037e-04 2.432148886102748872e-04 2.916795370669152837e-04 4.540335704783127094e-04 3.170700541614020055e-04 3.404175297415308913e-04 3.514280022710961635e-04
4.385276065334755961e-04 5.254188312912822737e-04 4.898549349709598825e-04 5.337545251362627073e-04 4.065299287184503257e-04 3.892157665126650735e-04 4.462174046657601026e-04
4.400444929977105840e-04 3.876927440425380583e-04 3.741940413287338403e-04 4.985532937398871184e-04 3.257001477995339527e-04 3.640399727511320609e-04 5.179105199219774395e-04
3.402275297731680091e-04 3.593972578088003105e-04 2.275111209936389199e-04 3.340569154762345347e-04 4.649450227369871804e-04 4.272277212897593866e-04 3.218923134593967318e-04
