1.430176223684531678e-01 1.322922205551869124e-01 9.211821021766018747e-02 5.480919436269156286e-02 2.974456905732446657e-02 1.555397097029220278e-02 8.032972238559241140e-03
1.173687036689888621e-03 1.089959961639848851e-03 1.053865338347156899e-03 1.114509683946463990e-03 1.046570914919763787e-03 1.171612816765524399e-03 1.019794598590455063e-03
1.073485523197298310e-03 1.157442519232705722e-03 1.071308997636430263e-03 1.162906162237743648e-03 1.038643033457838181e-03 1.206859515065809461e-03 1.100335905394016732e-03
1.036928419912026052e-03 1.239972175549261318e-03 9.820068831648243700e-04 1.165830422980757269e-03 1.101083006116011656e-03 1.100655216287921030e-03 1.170744076213930821e-03
3.239516725985064904e-01 1.983120223913538704e-01 1.118507883002529263e-01 6.013184190278410973e-02 3.104022984373388042e-02 1.573891481985060375e-02 8.156329107390105845e-03
3.262641946737892336e-04 2.027296980257160212e-04 2.847531765246365991e-04 3.410134752871992825e-04 3.382088697402129535e-04 2.695771546269987162e-04 3.290230539773369880e-04
3.235465167110878931e-04 2.387567635695446585e-04 2.652837545573720436e-04 3.717180309970807644e-04 2.410196118917273410e-04 3.536442632483485934e-04 2.777612341852706891e-04
3.085770857162891930e-04 2.619480759273999128e-04 2.089842731629450395e-04 4.494626280063182544e-04 3.096647379049002912e-04 3.537498727979323881e-04 2.327748219998816454e-04
2.814928005821466859e-04 3.148784621157963023e-04 3.132671494159837032e-04 3.610953355567043553e-04 2.674675670343737389e-04 3.558948531098703899e-04 3.158442452284259110e-04
3.192853841908454681e-04 3.783200143951460145e-04 2.965187045033589801e-04 4.069642065159165116e-04 3.291924443377331269e-04 2.950095577838329503e-04 2.596494695753553050e-04
