1.584465857034401681e-01 1.672997460734938768e-01 1.760858719997705768e-01 1.868136947564758843e-01 1.844431495655719233e-01 1.669392083881774957e-01 1.459240688171228595e-01
2.002828860132762137e-02 4.507023724738514620e-03 3.595108323723886310e-03 2.105170424473121540e-03 1.683025562891297695e-03 1.830535268670022749e-03 1.912156055317640584e-03
6.468051119244896952e-02 8.582683703692063626e-02 1.126854416749830945e-01 1.360858085845899346e-01 1.457143390473753797e-01 1.406125989447842006e-01 1.303475903946566816e-01
6.456905574849799989e-02 8.599259755445140541e-02 1.130658793821417707e-01 1.367513107482306589e-01 1.464827147986281775e-01 1.414233888208733803e-01 1.307537454096954488e-01
3.138145073272272656e-01 2.282738903456993929e-01 1.965223165775912828e-01 1.937685393505232390e-01 1.875901669817723050e-01 1.685163807566883443e-01 1.464709100957305998e-01
3.775008365185216755e-04 4.072636616736792200e-04 3.768020181532091080e-04 3.077630569045201187e-04 4.723493617871762809e-04 3.444649456847012300e-04 4.571661682573127661e-04
3.655136921845730954e-04 2.576942509761485445e-04 3.627486862681172887e-04 3.219794446926550020e-04 5.039857801099848367e-04 5.414696952348762226e-04 7.361292533547548990e-04
3.690406179195904993e-04 3.101106604758066933e-04 2.792508885534264050e-04 3.442941950233230461e-04 3.491992011155251280e-04 4.642168681703228383e-04 2.829482663438079456e-04
3.904263825789771572e-04 3.470810926176593164e-04 3.924683708879176921e-04 4.892614243610938487e-04 3.597965252199809599e-04 5.176762429364593692e-04 3.829051907513272845e-04
3.578538000578333420e-04 3.137957176374007442e-04 3.863048709405971144e-04 4.861959754833598086e-04 2.834359105546860260e-04 4.607753537001588076e-04 4.591030822931289478e-04
