1.419029902271234933e-01 1.329629906553336793e-01 9.821800081670165050e-02 7.004111887626812694e-02 6.121445572682885500e-02 7.018527235559350597e-02 8.331132145346423212e-02 8.451833944118289366e-02 7.084753595489050315e-02 5.109170220809143570e-02 3.459803624096591951e-02 2.344634264847492156e-02 1.727836746621872963e-02 1.402960400291618746e-02 1.238502620799762123e-02 1.198211414632117423e-02 1.150837659360750068e-02
1.195918689881042508e-03 7.595683397203410129e-04 7.212500198400560248e-04 8.863698571914561865e-04 9.744566289129253820e-04 8.632641816033358650e-04 8.616467304251340968e-04 1.127323835224485881e-03 9.052759560023337015e-04 1.109410583551569823e-03 9.066969891842273886e-04 1.260716526949388688e-03 1.166129111617834240e-03 1.174967451537628103e-03 1.006715169044135067e-03 1.222966821013419386e-03 7.445437862808884514e-04
3.210051572473289205e-01 1.992659090741693839e-01 1.181383520213908911e-01 7.579814548178058498e-02 6.255183070893324815e-02 7.115095304167876056e-02 8.289726011703618669e-02 8.429803396878013388e-02 7.089292060304583365e-02 5.117100437869168822e-02 3.453752228985220579e-02 2.360276139460944569e-02 1.794676121830010920e-02 1.421660249684408850e-02 1.275737291269857764e-02 1.211058442993501356e-02 1.159622060637805797e-02
8.822748171199489096e-04 9.705506621721409410e-04 1.011459036239459926e-03 9.918737945634897597e-04 8.665521674801947858e-04 1.196621485454755097e-03 1.115082702759092985e-03 1.130353590353817004e-03 8.537507542535578480e-04 8.719927769058590178e-04 8.135191885100865163e-04 1.148018782541216937e-03 1.196939397501127229e-03 8.155826960895944111e-04 1.118993067290386572e-03 8.367927728117591874e-04 9.983766210086677043e-04
4.952556691558628391e-03 4.888276377780572876e-03 4.711419229486343667e-03 4.135103340820971488e-03 2.807828929768634539e-03 2.496835389346003554e-03 3.029553456466907175e-03 2.276074480103703647e-03 2.521347939851243444e-03 2.528527732583679515e-03 2.561168948628800464e-03 2.659158091089821024e-03 2.684908342295440863e-03 2.331542010541242608e-03 2.531612191160090720e-03 2.639150137108478046e-03 2.252712595370405350e-03
7.753288600771722841e-04 8.258661933371913870e-04 1.072755284178449325e-03 9.037754172148221516e-04 8.585954707698061419e-04 6.047604024078892136e-04 7.963994037256693671e-04 8.601170493610299983e-04 7.685266587279454076e-04 8.778943035289432390e-04 5.938974142765526473e-04 7.038039745365929408e-04 5.826893476035751055e-04 6.941289577604400950e-04 6.603482781991610283e-04 7.612882779566785543e-04 5.644002709642947880e-04
6.856731050202303709e-03 8.541962867608955332e-03 1.358772337795005267e-02 2.249733047282490711e-02 3.764458504519392623e-02 5.681186171480316627e-02 7.364859779435087295e-02 7.820391139392086910e-02 6.617843985689317310e-02 4.838510410680563895e-02 3.350816053488078761e-02 2.330530404302793429e-02 1.690457975678450603e-02 1.405285701606708362e-02 1.242820242826060337e-02 1.173527352036230105e-02 1.184888962416666761e-02
1.113861499913875331e-03 7.325868449159930957e-04 1.119780920640186172e-03 9.182149952716419988e-04 1.134250895740541694e-03 9.375795020744544022e-04 1.051675785304022727e-03 9.772466709419094268e-04 9.960617528983408027e-04 1.281774676741166859e-03 9.974708979435247414e-04 1.188109485742170788e-03 1.087296008363281821e-03 8.452866653384744165e-04 1.426480099472097378e-03 1.157833137085805854e-03 1.208948991646041811e-03
6.701463197262852271e-03 8.373277816012044544e-03 1.349075160170267774e-02 2.251130830144782227e-02 3.696417595907875581e-02 5.746671693923997848e-02 7.412274886590132505e-02 7.827096285615900428e-02 6.638158296133449265e-02 4.842238862794662896e-02 3.323189925289390945e-02 2.310297521908395019e-02 1.734842646012190598e-02 1.397884279204460699e-02 1.225849929656523327e-02 1.193922205061793800e-02 1.102394237783116231e-02
1.013504763242406483e-03 9.355054578041301040e-04 9.831976855979027759e-04 1.336443970904570592e-03 1.133667470850846038e-03 9.343509091873466359e-04 1.166168014911509072e-03 7.755049186694175497e-04 1.038564138150180598e-03 9.318306822473685453e-04 1.130066524969733149e-03 8.113709515818174180e-04 1.190676146489529812e-03 9.509278419547689907e-04 1.540898953559481123e-03 1.471066622473951114e-03 1.199303222378386626e-03
