1.432897405060998830e-01 1.324487749110308532e-01 9.256056907048861027e-02 5.518492254442199790e-02 3.021884054471213332e-02 1.631104387995562302e-02 9.355240614688875231e-03
1.274837216762510521e-03 1.358130360862160393e-03 1.207580840004230435e-03 1.320603930993060910e-03 1.266924409158360840e-03 1.262590574644809885e-03 1.371362352197246729e-03
1.223092817496705589e-03 1.285644382793572297e-03 1.232152475592159218e-03 1.425059694262441595e-03 1.342535011598788072e-03 1.702749578843120500e-03 2.305544751625015348e-03
1.364855775890187490e-03 1.288805094006340111e-03 1.279226618720894892e-03 1.374958319557635904e-03 1.419710287817976943e-03 1.921681749295834534e-03 2.533135295658423686e-03
3.239679177877180516e-01 1.984546372886675514e-01 1.121631305926889810e-01 6.038375865933174463e-02 3.167679291635801253e-02 1.652592288643848009e-02 9.310360661526167342e-03
2.304149950649219195e-04 3.087030327126924880e-04 3.261707079036835102e-04 3.356670855473821631e-04 2.928767264742452008e-04 2.895672334886961112e-04 4.093003679163191837e-04
2.814927013487770091e-04 3.354309151279867411e-04 2.914968787706302949e-04 3.968549341799983642e-04 3.622044709165775193e-04 3.266820516585863311e-04 2.950898175090431604e-04
2.830950140189274298e-04 3.126067880779141196e-04 2.681965060778708043e-04 3.765069371366827383e-04 3.291451606394247024e-04 4.028887275481073810e-04 3.270739340236894369e-04
3.677275047789128263e-04 3.200541903754850251e-04 3.518267943950839638e-04 4.107612145169187612e-04 3.724928259597725115e-04 5.274748391585464685e-04 4.401727909843070920e-04
2.967414928736993160e-04 3.187882813824003693e-04 3.106440735598662087e-04 3.187922741633037469e-04 3.315233017361714934e-04 2.632917706371074832e-04 3.297770693465785661e-04
