3.162909904003443073e-01 3.657220781912001728e-01 4.014483260545518850e-01 4.118499974538973873e-01 4.073732961389784357e-01 4.010299877859380691e-01 3.969762299345177547e-01
7.772455430468619246e-03 1.857634204414476383e-03 1.673597892834814737e-03 1.579158560473684168e-03 1.371471675930852497e-03 1.508934039523679872e-03 1.379049958609637446e-03
2.311241965723793146e-01 3.062544975374624778e-01 3.557747663450748776e-01 3.800799367784321037e-01 3.891017011769112299e-01 3.917037861231430496e-01 3.923118637127377406e-01
2.321104164608139564e-01 3.082895573082132801e-01 3.587665839451562033e-01 3.829665747711817336e-01 3.912241620272731701e-01 3.930647248894901802e-01 3.930390795339405718e-01
3.831031538471744158e-01 3.950924269405269307e-01 4.143925469243672777e-01 4.179694338122904584e-01 4.107852114660578979e-01 4.027909550985164233e-01 3.977284639498737673e-01
3.063529111042108725e-04 2.944680709516261257e-04 2.818406258441234855e-04 2.734376951998290914e-04 2.701695789744310147e-04 2.693398512660513601e-04 2.221111066499893380e-04
2.044469565914796671e-04 5.164789222296535488e-04 5.644363311786905653e-04 4.615286079556574998e-04 3.642133348009705886e-04 4.134551688003164078e-04 3.680748327131146353e-04
2.547943673025643676e-04 3.508670906831263051e-04 2.044724436061472889e-04 2.442234355604296927e-04 2.405726525990298421e-04 2.947676172336496946e-04 2.226683865497832608e-04
2.948397580846492277e-04 3.370467951363044262e-04 3.156789447225917772e-04 2.529369421173606794e-04 2.719857751552044343e-04 2.559268002786133588e-04 2.188930306063009473e-04
3.318065223600583937e-04 3.111940970778330658e-04 3.545754859163749396e-04 3.746306570663189800e-04 2.273038467320532760e-04 2.739488377922351500e-04 2.576573136432396384e-04
