3.161872765552494746e-01 3.657910986521378804e-01 4.013987897479542322e-01 4.118383929624632733e-01 4.075977930164776941e-01 4.012303843180971552e-01 3.968911269266499620e-01 3.946040168205699472e-01 3.936413573209449623e-01 3.928432361005579354e-01 3.924174937345433767e-01 3.924714093841140672e-01 3.923049149448659678e-01 3.920793311805536030e-01 3.920755510149315226e-01 3.920846283880446981e-01 3.921238436939799565e-01
7.191046320879421324e-04 6.870222721270442291e-04 7.245002391202675241e-04 8.661963731886875928e-04 7.725920299884212568e-04 6.738302084346542388e-04 5.563084349773704616e-04 4.681053104761461674e-04 5.332964112102143691e-04 6.625588021549088432e-04 5.814041956638785376e-04 7.570562252275885159e-04 5.047853151625678091e-04 7.970403714810641704e-04 5.147246781095907641e-04 5.359573529278000405e-04 4.576255275048981305e-04
3.832847576033442949e-01 3.949584202297466429e-01 4.145571114024734216e-01 4.180967154781131123e-01 4.110222514228504265e-01 4.028531347442085853e-01 3.975052821533912040e-01 3.949287528860272456e-01 3.936862065423364365e-01 3.930150535163937087e-01 3.925088930851278191e-01 3.921432405974930036e-01 3.922989840918064131e-01 3.921540376806244010e-01 3.922543279074607314e-01 3.923079406898529187e-01 3.921839420471954774e-01
8.534838626540821064e-04 9.340041024967301762e-04 7.360212491537312897e-04 8.350178924463025863e-04 7.000916028631836525e-04 5.896214353200079309e-04 6.186550344210400929e-04 3.945686137281694482e-04 6.474573234525371522e-04 5.364619148445834559e-04 6.990130070377631238e-04 6.442494562659735208e-04 8.104957403989649549e-04 4.846397797015799722e-04 5.312114648594124314e-04 6.467041758792482385e-04 4.841635578561953395e-04
8.404868311506151837e-03 2.539471997479479833e-03 2.252508726453583340e-03 2.422740109750113127e-03 2.286949005341014016e-03 2.599207043020748502e-03 2.251074191470455420e-03 2.842012721354537398e-03 2.510015854194943934e-03 2.421256590705593049e-03 2.656359457692508089e-03 2.288945692121256269e-03 3.239471704198258577e-03 2.371370364973076749e-03 2.114282689869216320e-03 2.866416605971812328e-03 2.343939833887454492e-03
6.522747519954742420e-04 1.031391819631187565e-03 8.953747797462447821e-04 9.153156322256717587e-04 1.199134832405194390e-03 8.145381194895171982e-04 7.692970256874985188e-04 1.360115790323987526e-03 1.341530425166003165e-03 5.225009335509828981e-04 1.072982899169489619e-03 8.072977855017234592e-04 1.166960605785638538e-03 9.050715022166488238e-04 7.099970615028187602e-04 1.168000293831726079e-03 8.856917668517242390e-04
2.311451304929472705e-01 3.064218967293858009e-01 3.557844795910516389e-01 3.796938969074593051e-01 3.890861111183432364e-01 3.916809449980364066e-01 3.924376280933895567e-01 3.921966252513684470e-01 3.922031923819166432e-01 3.924715904920761944e-01 3.922963185161880140e-01 3.921842167555059655e-01 3.923511117316358932e-01 3.922274175368918869e-01 3.922167669303785464e-01 3.922434482380777743e-01 3.922400756963371204e-01
7.163902498662617045e-04 9.936364768671946020e-04 5.607284144525185579e-04 7.380264090360023595e-04 6.515327823590028001e-04 4.787910463883695493e-04 6.291660090517491640e-04 8.190566074751581480e-04 5.391579212139758310e-04 7.343772535225559549e-04 5.882614942882698986e-04 6.055634936717661614e-04 5.307967183555845894e-04 5.796194679414860915e-04 7.028765617356542593e-04 6.044665026852704803e-04 6.318931979304215265e-04
2.325448080997568057e-01 3.084830643205472289e-01 3.588070760274909565e-01 3.831017347002695916e-01 3.912175543252615073e-01 3.932069210520701685e-01 3.932056448456989761e-01 3.929878155773319781e-01 3.921242453818875595e-01 3.922845087146696330e-01 3.921430496966478163e-01 3.920312596417042661e-01 3.921893672265831521e-01 3.923182913378179815e-01 3.922187886172187055e-01 3.923111464456985886e-01 3.921081023717570835e-01
6.330836627939943808e-04 9.200404858818350988e-04 7.506836197437532056e-04 7.989624746945849215e-04 5.119128409294645184e-04 6.217409629104822186e-04 5.950525966372997811e-04 6.171641965641454014e-04 6.094130311319578526e-04 5.079630207546197585e-04 6.730912606931299625e-04 5.992778540623563749e-04 6.564479552582262517e-04 6.548683391293446884e-04 3.624140001319832135e-04 5.556809035963634425e-04 4.788840313343286910e-04
