1.432759912817925529e-01 1.324319111953391193e-01 9.256206370258826532e-02 5.482821357734722623e-02 3.010586063217336045e-02 1.571254100761580036e-02 8.446738147363429261e-03
1.583187452369250138e-03 1.860324892705045308e-03 1.838422456613122676e-03 1.644429291859808226e-03 1.867879821778591163e-03 1.903809868602562502e-03 1.590792212417987657e-03
1.742140012705475872e-03 1.637569625000243794e-03 1.740502494171170238e-03 1.705108835574268731e-03 1.663101881302870037e-03 1.899815887818305212e-03 1.796072298920450144e-03
1.680777898986092218e-03 1.727127823304083721e-03 1.602164381428855186e-03 1.560004971759321483e-03 1.809966952499757979e-03 1.823987020810782789e-03 1.679932498359839156e-03
3.241869865155406760e-01 1.985191567709642391e-01 1.121811428075446537e-01 6.036012607682447045e-02 3.163083847551075023e-02 1.619191836182565583e-02 8.263336681887398574e-03
4.512588737113408066e-04 4.004854467391495915e-04 4.300260312048335498e-04 3.491960119627074855e-04 3.387160858065389312e-04 4.678651495005720041e-04 4.501067060604008229e-04
3.945105335311125077e-04 5.436734773239788963e-04 5.672595364442682090e-04 3.454910499785138027e-04 6.605583475080253940e-04 4.908416158640668825e-04 4.975698603741371753e-04
4.065400752591295428e-04 5.754349830250833110e-04 5.400935209693377183e-04 4.539939834202573118e-04 4.226103297198636837e-04 6.200913927003384165e-04 5.129991567296201529e-04
6.051155709396781671e-04 5.418271148998787161e-04 5.057069517815665103e-04 3.288325010245886099e-04 5.998346242923332594e-04 8.104909359090238649e-04 4.192684153289098119e-04
5.486480253718299584e-04 3.910004339813414947e-04 3.520986183952914245e-04 4.297524487152447445e-04 4.616974073261250399e-04 4.830903822155969930e-04 4.841160925935717374e-04
