1.435445380296013485e-01 1.331945030704925204e-01 9.370043407003599001e-02 5.686421995315225908e-02 3.362095427147013954e-02 2.238472055304154690e-02 2.200381015098264864e-02
2.016460894107206976e-03 2.107602773114802732e-03 2.014090674245488932e-03 1.889350677416657201e-03 2.098725171302033825e-03 2.123098559635244742e-03 2.429462968189950809e-03
2.275260898450824458e-03 2.155737031537878230e-03 2.172303919270207693e-03 3.266504161053571890e-03 5.452207106904554366e-03 9.243689442405346110e-03 1.670849228845682974e-02
2.229271557337284947e-03 2.123307866572103197e-03 2.205686707133944820e-03 3.250546294250600873e-03 5.468913560322976111e-03 9.402902370541159696e-03 1.703307611592607546e-02
3.243064723848696485e-01 1.989941256710293094e-01 1.134942232116588068e-01 6.224009638187501942e-02 3.501349006956865767e-02 2.266326545880215787e-02 2.225904065211434593e-02
4.417773742442274816e-04 3.753026748326896670e-04 4.969675357603157376e-04 4.944465158000166871e-04 5.058491686664236568e-04 4.579742254652269359e-04 5.543555275963187121e-04
5.633286563429783234e-04 4.574710932488127899e-04 6.373961118142115701e-04 3.337752817225147508e-04 4.703088075802921465e-04 4.726121062293837092e-04 5.781691421596691412e-04
5.028900825639003556e-04 5.979096869217698836e-04 6.278169924981089880e-04 5.349822902669663146e-04 6.085560979521704690e-04 6.363822172446443725e-04 6.313717117027486383e-04
3.918016213568913391e-04 3.809636104303529172e-04 4.989927654361979003e-04 6.951417635963334394e-04 7.004076214875025247e-04 5.408233941998936024e-04 5.710418097785377326e-04
4.587331197367422366e-04 3.793303848345238281e-04 2.667176654371125589e-04 5.069054223627190037e-04 5.420433726862677794e-04 5.236987991522797916e-04 4.743388231469450669e-04
