1.836184526459268551e-01 1.503957670426082638e-01 1.250471019186177313e-01 9.337716117872191246e-02 5.936243905820437483e-02 3.369521041713383763e-02 1.805360058188413414e-02
1.009902730207799457e-02 1.848324599595817155e-03 7.400817019750607255e-04 7.082296052513819976e-04 6.973235821859655788e-04 7.304174250632247678e-04 6.769217440035336193e-04
1.721142732817413368e-01 1.149137441466999421e-01 7.875185735645046092e-02 5.281896370546671632e-02 3.251417500642936331e-02 1.842756995476153500e-02 9.824767113545539166e-03
1.716890252962454677e-01 1.153074569210134348e-01 8.114654514944093233e-02 5.621684902486286800e-02 3.537757077323350902e-02 2.031715823545836991e-02 1.102086331580008800e-02
2.230688931075595072e-01 1.752224392153895471e-01 1.402918308980891093e-01 1.023369402771421577e-01 6.460565819124532150e-02 3.654590281401529084e-02 1.958771556658549240e-02
2.979346550121767922e-04 2.558901797579161172e-04 2.831471876051900411e-04 2.234588920800080090e-04 2.445863358773469102e-04 2.627401984426360436e-04 2.056491939544220716e-04
2.086543763989669653e-04 1.572281329609897995e-04 1.874588974083910811e-04 1.640124950430374071e-04 1.593913629402463170e-04 2.156377258240317325e-04 1.551705221540606780e-04
4.763643183211862045e-04 3.401521270507129732e-04 2.348076859364476871e-04 1.531564633837090848e-04 2.120561910915939278e-04 1.240120485605862208e-04 1.984125920104565775e-04
4.033788440565813280e-04 2.614278455130451600e-04 2.102853226395120275e-04 1.586943442811910893e-04 1.974751032000086946e-04 1.775917125071999156e-04 1.951074557369332453e-04
3.326598300910157415e-04 3.094681842745608058e-04 2.618995485465383868e-04 3.131890555495969990e-04 2.322197080543337861e-04 1.837865914833161749e-04 2.373320223430992239e-04
