1.358017519363487746e-01 1.260473086323415648e-01 9.160203099452629560e-02 6.265976427765661272e-02 5.174296603595028576e-02 5.892122479766835619e-02 7.164711773923225502e-02 7.360866675835753270e-02 5.961857913394989772e-02 3.941482402930583662e-02 2.393415816438745208e-02 1.302973673016151468e-02 6.899562209631164567e-03 4.519069178604950832e-03 3.971249349616457792e-03 3.494330896920244157e-03 3.043457638161756792e-03
7.672143313286638360e-04 7.321104663810817665e-04 9.508834631922645150e-04 9.300331028361994400e-04 7.327681051364893193e-04 7.915093925871137786e-04 1.122514466784088616e-03 1.270451559881523437e-03 1.071618119526379555e-03 8.740024229191385371e-04 8.676962992196598405e-04 1.222161616282548902e-03 1.030920990910331710e-03 1.474773627802073534e-03 1.185937606411634638e-03 1.237749121097618272e-03 1.151686584799592504e-03
3.145251514947834948e-01 1.931331412209854048e-01 1.122776475518548339e-01 6.790885853717672227e-02 5.316988385419031682e-02 5.976895990937006881e-02 7.212108366313674246e-02 7.360074790127300870e-02 5.976791350374597439e-02 3.973378173828441551e-02 2.317376132590747567e-02 1.278423906688385368e-02 6.888539420633904391e-03 4.414837888626333556e-03 4.011010281465279652e-03 3.499633530766266265e-03 3.496175330736142704e-03
7.093802124032842120e-04 5.804373120229497406e-04 7.381715328069189501e-04 8.005086156589963451e-04 1.067409584914555442e-03 7.341061758066422423e-04 1.131352551464969792e-03 1.227503350918251069e-03 1.009039287858235281e-03 1.243617323939686303e-03 9.459033845264367335e-04 8.940496128409955662e-04 1.335846918048111181e-03 1.147882471806471955e-03 1.387993870951786512e-03 1.035537271308508214e-03 1.277155795540039964e-03
6.252304495690187876e-03 5.772820916964376513e-03 5.207300846902484549e-03 5.070402972185470911e-03 3.824544791885313433e-03 3.136221400774396977e-03 2.872545670698877299e-03 3.662374725378971657e-03 3.453171492114556675e-03 3.434639916702941602e-03 3.511811807678807181e-03 2.974525071635932862e-03 3.265770569345220146e-03 3.103939463778318704e-03 3.464464077470347410e-03 3.393605464150511921e-03 3.838820747564293621e-03
1.009466710603988075e-03 6.560915105339119435e-04 8.540451997735592398e-04 9.079128530424789706e-04 1.229486505401574878e-03 9.357121825041072065e-04 8.820323880203836606e-04 1.009407802764933229e-03 9.883598357225519947e-04 1.282750084607502681e-03 1.160880218902123409e-03 1.074420030926955200e-03 1.082362606366742315e-03 9.101327786174087404e-04 1.303793919480129761e-03 1.171669156491517193e-03 1.297363571023868543e-03
7.521711857162119430e-03 5.706669791881969871e-03 5.957947816075245470e-03 1.183161099192437185e-02 2.636445477551134856e-02 4.633357217737518741e-02 6.275190784725653836e-02 6.667971768629812890e-02 5.503996339867557597e-02 3.695345046645669845e-02 2.199675409444313071e-02 1.191189536260131229e-02 6.507247430661387486e-03 4.341823920101297099e-03 3.986684380173025760e-03 3.899617348476767161e-03 3.411688890944614919e-03
1.019942279268841153e-03 7.681019166428461374e-04 1.508229068353579344e-03 1.272345262521895528e-03 1.147016533158341962e-03 1.090450856358710910e-03 9.179314539810498868e-04 1.016159988932608749e-03 8.995824338305799745e-04 1.200660220716519158e-03 1.093627832205217726e-03 1.048047028000287720e-03 9.665808934850121919e-04 1.155257721943024488e-03 1.379807280588945346e-03 1.190347656067280383e-03 1.027420518522423158e-03
8.042271169066181336e-03 5.982143616495910407e-03 5.644861122024218136e-03 1.194126437573694507e-02 2.599642460456159238e-02 4.623916483777600756e-02 6.248510988811023514e-02 6.705174216573243917e-02 5.512860169249066133e-02 3.691388289866982808e-02 2.167318148519195575e-02 1.181123012461617397e-02 6.886628387035654067e-03 4.243619839532103248e-03 3.508381527035731549e-03 3.444036173532337951e-03 3.232197302703577937e-03
1.066135199755024760e-03 6.260678175950277124e-04 1.084455562170030807e-03 1.098854451361856764e-03 1.113606261622373779e-03 1.237988805813643655e-03 9.912244542551480048e-04 1.207687099286756157e-03 9.714091010432639346e-04 1.318390818955223745e-03 9.897265306118719491e-04 1.041197431010848756e-03 1.415174579812605643e-03 1.435020722131042639e-03 1.048536310630829305e-03 1.010444213771288964e-03 1.431357691795919233e-03
