1.028683596256983607e-01 9.850555397523519385e-02 9.246197819119714167e-02 9.123397787067058506e-02 8.327710492735282410e-02 6.337751692728835207e-02 4.115383475311418932e-02 2.383060895208208643e-02 1.353048444134312411e-02 8.091149652646142595e-03 5.536112379564544876e-03 3.877429920533902088e-03 3.857599006138985771e-03 3.837886435416165785e-03 3.314648691854216178e-03 3.526966424140602716e-03 3.581148234268904766e-03
8.989138941496483022e-04 6.491460052094116459e-04 8.617130925736007571e-04 5.800128835363407452e-04 9.856457781063766941e-04 7.111541513546973045e-04 6.687378820745245103e-04 8.440209008157515411e-04 8.723129781059272853e-04 1.105885475367322356e-03 9.967651972831372432e-04 8.073642983600811925e-04 9.306425422081627792e-04 8.758387937144980831e-04 9.343737132929576380e-04 8.930968254907198497e-04 9.607077997059198550e-04
2.590260273468248386e-01 1.668826084795193843e-01 1.188102796085707125e-01 1.015347100704419442e-01 8.798199182727886591e-02 6.544285699054899763e-02 4.158190804090873549e-02 2.413639324839493908e-02 1.378394742488490109e-02 8.236005645028954963e-03 5.349244199447241235e-03 3.910151724462322329e-03 3.433105195928021301e-03 3.616103992848780039e-03 3.346371575694750446e-03 3.358446258524068646e-03 3.015071504776980008e-03
7.842165890285938187e-04 1.105569167770326534e-03 9.020203773130102765e-04 7.379851771581148138e-04 7.476615115073505236e-04 9.023667523689705506e-04 9.119792708965052510e-04 9.176672781462927222e-04 8.629910506093553752e-04 7.118647753420796970e-04 7.274923776532368552e-04 9.035734692682314412e-04 8.006281562204511319e-04 5.575585768785147828e-04 6.400703209913210503e-04 8.654788804629530170e-04 8.273484651034589956e-04
2.240690759211657473e-02 4.666986193480672160e-03 5.543440615039245400e-03 3.599809828567519104e-03 3.417913108350620430e-03 3.549703060866584749e-03 3.060956639168286968e-03 3.710369911716177634e-03 3.447215251165374524e-03 3.483738592480365662e-03 3.891954306939433058e-03 3.892911416226087218e-03 3.199325544608744212e-03 3.235772396334680827e-03 3.829005818476879063e-03 3.131821764780874824e-03 3.553148258640882046e-03
7.659217531193817730e-04 8.390346012417641700e-04 7.160220166455036296e-04 7.704644775553150639e-04 9.620702080914060681e-04 1.107952231357403226e-03 5.591688099094154363e-04 8.393279399081437836e-04 1.079786633962312231e-03 8.579609114328195759e-04 1.081191717743379714e-03 9.681050480137577121e-04 7.543047798886903235e-04 9.842736309856271650e-04 9.932411079101668722e-04 7.875784664880013716e-04 8.222113087333434616e-04
4.743694290775533201e-02 3.048096317404708905e-02 1.715129895465786897e-02 2.903942482347814796e-02 3.849262311393025077e-02 3.381561777790832724e-02 2.380043915312847827e-02 1.425024845193298764e-02 8.515238740380832658e-03 5.459723348455870588e-03 4.022772539372995899e-03 3.548958472824910362e-03 3.549760317112903539e-03 3.417571330909156737e-03 3.662801351963435210e-03 3.716729287734981020e-03 3.486617646916926293e-03
9.595203268934551777e-04 6.958948674944473315e-04 6.237985181720255307e-04 1.076276486604572100e-03 1.097381593714733981e-03 8.664755984318706951e-04 9.940459550440367345e-04 9.452945727415240813e-04 1.174627609254798441e-03 1.067738176789030180e-03 8.510457992553713399e-04 8.423238203889172465e-04 9.270377298723097475e-04 8.601268537348850983e-04 9.120728403618662402e-04 1.082077806558089062e-03 1.209464865931123836e-03
4.799193049110749010e-02 3.063846839575197142e-02 1.665944384810838508e-02 2.929014800655977899e-02 3.871190798632308250e-02 3.405320622396754149e-02 2.316042550099305097e-02 1.358314331997882360e-02 7.906279346363207644e-03 5.342840726060722571e-03 3.775478245330769235e-03 3.250112876217284372e-03 3.248577881280111275e-03 3.310919274860198245e-03 3.126851422868909096e-03 3.182578483802920612e-03 3.085212213075070545e-03
8.592034665099200020e-04 1.310986309502458480e-03 6.637069055940817298e-04 7.427069703239956187e-04 8.094682213377103492e-04 8.668676618089776352e-04 1.049481961228268317e-03 1.071490210222385319e-03 9.229334284765374754e-04 1.348287246666126640e-03 7.956466410343805305e-04 9.173830947294477241e-04 9.653975086805489632e-04 9.863048966400854434e-04 7.473405873898853044e-04 1.063042459741302907e-03 1.009744349435405227e-03
