1.428403032350601953e-01 1.322021501435683699e-01 9.231550057738821535e-02 5.482088712448614926e-02 3.013628204709061301e-02 1.613764074228967588e-02 8.752578407695240856e-03
1.705514121223475257e-03 1.568977414678345743e-03 1.692148077674429261e-03 1.506868612522606603e-03 1.685825763589036356e-03 1.566762139704382800e-03 1.507818898055185083e-03
1.670629365309282037e-03 1.453779254931794954e-03 1.528349879278888658e-03 1.713266775079741022e-03 1.624685542232757671e-03 1.715315567880593920e-03 2.130325025440781613e-03
1.549836568132442098e-03 1.540165747485814805e-03 1.531083845725099467e-03 1.580114843631443434e-03 1.721614099654932093e-03 1.815718729571977070e-03 2.279690129187283282e-03
3.237494617037295908e-01 1.982225589521056375e-01 1.117795788440909543e-01 6.028667327059795966e-02 3.122528596260967793e-02 1.633069030834171514e-02 9.025124730890125152e-03
4.168991319391875832e-04 4.478183427013490161e-04 4.513347490820832130e-04 5.614597234483411020e-04 5.705679319304410345e-04 4.748199637902674516e-04 4.664925457368047511e-04
4.129047207709845798e-04 3.478906859702669222e-04 3.938873977742741767e-04 3.536243701011039802e-04 4.633966378216102314e-04 3.620790785759720235e-04 3.572921907460667760e-04
4.503883006246706361e-04 3.161224557950081883e-04 2.749068432900274891e-04 3.188767982925552161e-04 3.933467728319868127e-04 3.815903617248334197e-04 5.692415077701380634e-04
2.609047179581232452e-04 2.565830527387595464e-04 3.154935053445885726e-04 3.915760019510441232e-04 1.934059187710068480e-04 5.471024981259863624e-04 4.477687677800933270e-04
4.222978034510670425e-04 4.147809585534897392e-04 4.514137397455119261e-04 4.567551981012267612e-04 5.379707607877750371e-04 4.296335517519034005e-04 2.735736159863353897e-04
