1.018970057991525485e-01 9.812441387150509786e-02 9.146904967125116248e-02 9.004058447583182523e-02 8.198280613532384076e-02 6.209137325376375832e-02 3.921947520598262349e-02
2.358538917710654992e-02 4.859970176584420612e-03 4.018959532932180924e-03 2.048527839866551813e-03 1.848830478890460148e-03 1.728386569436370177e-03 1.611376736581905580e-03
4.829254444867860097e-02 3.149881512182166332e-02 1.766883053942740894e-02 2.754264863036296612e-02 3.712754400610608629e-02 3.219299947231229336e-02 2.184597652614321539e-02
4.854522523596730560e-02 3.090667604512097391e-02 1.690400376043170103e-02 2.827427895043387387e-02 3.783998748572524329e-02 3.266618406678460651e-02 2.211283125388493337e-02
2.586350149172608748e-01 1.659675203209806382e-01 1.176481124450994703e-01 1.003133805692899838e-01 8.635764184180373670e-02 6.378196349296706702e-02 4.037968938616158521e-02
4.039643646667690413e-04 3.929916323187067047e-04 2.943536579169706512e-04 5.238886219394237043e-04 3.359190420858635014e-04 4.766768239047464444e-04 6.059345436660291094e-04
5.067778365535713456e-04 4.593850732772485610e-04 4.816190943127115283e-04 3.536188043996555427e-04 6.376334344666825457e-04 3.993363606037345624e-04 4.766195610162904557e-04
5.129939054947709604e-04 4.199026856875003695e-04 4.412734602341433321e-04 5.333423962634199897e-04 6.250565686086689658e-04 6.091224338527740463e-04 6.195868674927174037e-04
4.388723853003095431e-04 6.311990500807856952e-04 3.703929994278795808e-04 6.187994430056023175e-04 6.224047418246093488e-04 5.630060918805882171e-04 5.129389010343934734e-04
5.189670260349176639e-04 4.559235596601229922e-04 5.339773335029728918e-04 4.698526584753895440e-04 5.863560980570937031e-04 4.564820369299474063e-04 4.206410409119258923e-04
