1.369976487299758294e-01 1.276841355246227105e-01 9.301646606408145446e-02 6.374272166999667144e-02 5.309686574691714622e-02 6.095723596000139632e-02 7.391532555747853950e-02
4.579220173584784732e-03 4.480651582586620864e-03 3.877580956517925892e-03 3.074691049094569178e-03 2.107066899969155076e-03 2.142851953861400760e-03 2.213854434221000644e-03
5.834145891706254625e-03 4.617033813012457258e-03 5.085736122534325991e-03 1.319434949448524894e-02 2.817658583714292495e-02 4.739895280176968650e-02 6.458266501543986904e-02
5.928750615708693224e-03 4.655345336485591096e-03 5.119521982107534327e-03 1.328880304763677134e-02 2.802545017281192832e-02 4.778000792197602264e-02 6.454922935387809313e-02
3.154971183037252880e-01 1.940840081519510929e-01 1.131870579549358602e-01 6.925739669273757448e-02 5.475407873822858706e-02 6.132950891643688257e-02 7.373532362637102988e-02
3.601278301156983106e-04 4.044393856495903682e-04 4.493757622389654813e-04 5.296213976597894052e-04 5.250968134954144386e-04 5.420413876565459118e-04 5.886232819025032179e-04
4.866778608610336379e-04 4.148177851708054848e-04 4.427777695013661026e-04 3.733695566296430087e-04 4.676036605253870737e-04 4.291919607832556799e-04 4.589603448598986776e-04
4.538625576613905077e-04 3.698552598756896410e-04 3.089341423203030785e-04 5.006654338107260210e-04 4.331216998719502318e-04 5.415661135661673734e-04 6.244542125714379723e-04
5.454807202891416877e-04 3.201738927042828225e-04 2.216793373968244444e-04 5.852704108662295330e-04 6.340610749498234739e-04 5.397863987514838705e-04 5.546034266405078369e-04
4.519386256624485895e-04 3.945441590302144891e-04 4.387224138998680519e-04 3.630526754704537060e-04 6.531993453045871478e-04 6.138348176934353738e-04 4.797287606171057699e-04
