1.439582539123545335e-01 1.329843107692031401e-01 9.327836176145698488e-02 5.642912487303449603e-02 3.351598396958697240e-02 2.304100998039626189e-02 2.278057359901058260e-02 3.211415470667036698e-02 4.884848520906617114e-02 6.712452790057885088e-02 7.316912979261573635e-02 6.473780281833300954e-02 4.469806001861929140e-02 2.832383611946747218e-02 1.702911284593081748e-02 9.862164587870281621e-03 7.154952117702206502e-03
2.070099078329202223e-03 2.017342009041515026e-03 1.891588928999610782e-03 2.199376609137136847e-03 1.731671292409186439e-03 2.331788327701390332e-03 2.738142855095035844e-03 1.953741920292614842e-03 2.662722526210657258e-03 1.848106407441833495e-03 1.765458158745423188e-03 2.149476249839733094e-03 1.674512610424310020e-03 2.807967802809424596e-03 2.829681820664872553e-03 2.212487190105224058e-03 1.697911294317022441e-03
3.243861804757579015e-01 1.992049435461611395e-01 1.129334264435344071e-01 6.210749423876467390e-02 3.537174598680560555e-02 2.248033502829296232e-02 2.269953505268178934e-02 3.255236470445106028e-02 4.987766939557192886e-02 6.834160806133808552e-02 7.409764900714263525e-02 6.541992605518771875e-02 4.568329525164195604e-02 2.889153066550995824e-02 1.642444026161025278e-02 9.949003919600922854e-03 7.590102503291078564e-03
1.968736385026741836e-03 8.271323643321624834e-04 2.607396714035425077e-03 1.528256305195028076e-03 2.202682033796884639e-03 2.094642607139016871e-03 2.001701602595919172e-03 2.763194964454781296e-03 2.233950736128329038e-03 1.950782278746233207e-03 2.707661375512698289e-03 1.828426242776657901e-03 2.237722004214671295e-03 1.966289047407670208e-03 1.714598743689487283e-03 2.266681393432033904e-03 1.918014094873395168e-03
5.952832523477970088e-03 6.384618438829671276e-03 5.589506926519722217e-03 5.120433284194287650e-03 5.349932060954723859e-03 5.982269359130548345e-03 5.467012616602435170e-03 6.112233790564406376e-03 5.877934018446945817e-03 5.241969256452827693e-03 5.898775139568941672e-03 6.012545032195943176e-03 6.121555824366671159e-03 6.371963702574434847e-03 5.436427231737782362e-03 6.207229739325405456e-03 6.025901349106451386e-03
1.735546555897890357e-03 1.903063691203601276e-03 2.148129860358512656e-03 1.877116467680401855e-03 1.621380451767507475e-03 2.020272939063141957e-03 1.975292815741693398e-03 1.940521632980625770e-03 2.778455306999736817e-03 1.993440234343035831e-03 2.332691472519843583e-03 1.785579677033532348e-03 2.478612425332179896e-03 2.632764310352818642e-03 1.643594922462921762e-03 1.822278672941933389e-03 1.654223114831088887e-03
5.056972840781506773e-03 5.658500183503066376e-03 6.014069616948979242e-03 5.761889080130901120e-03 7.338652272224790649e-03 9.688450268192368847e-03 1.801456516640841804e-02 2.858514397246422756e-02 4.760868718016413037e-02 6.558481444175916220e-02 7.342833365068554552e-02 6.496258442986641013e-02 4.458802724842615695e-02 2.790343882295951913e-02 1.647767913589484601e-02 1.048850123768725953e-02 7.227720370244608387e-03
1.511459355312099124e-03 1.953151613651578095e-03 1.766812652850041155e-03 1.606161378292549893e-03 1.901617812109775022e-03 1.981318472179282794e-03 2.938736281412683907e-03 2.117359855215943283e-03 2.140318786274119159e-03 2.352541023758859991e-03 2.058190980631704851e-03 2.259569085730334624e-03 2.606378461553287250e-03 3.077236829362947797e-03 2.083388137476572047e-03 2.861486745921850219e-03 2.320845125909277995e-03
5.690259103490000019e-03 5.056168348378501168e-03 5.391074829192786522e-03 5.739258541466944752e-03 7.698619135396518945e-03 1.130505779889085481e-02 1.746874835962754571e-02 2.835287235305225528e-02 4.795560481952657744e-02 6.617404940016927140e-02 7.322789803332156733e-02 6.406789740972643199e-02 4.553007718733891734e-02 2.913334515883265682e-02 1.699682552652366160e-02 9.628382033514799876e-03 7.370600927911778386e-03
1.869910045154560231e-03 1.759302957036781552e-03 2.240011477209622598e-03 1.932383696827486312e-03 3.058060928789112058e-03 1.508129324032494610e-03 1.788891869012059280e-03 2.351720164208694237e-03 2.185801201174475319e-03 2.188705410216860037e-03 1.917685097831613172e-03 2.707971689071709837e-03 1.566345844995707974e-03 1.861840942373082369e-03 2.614755837550756471e-03 2.417642457178754718e-03 2.458939534815744905e-03
