3.405174224102431868e-01 2.051440313274518756e-01 1.152644186790901665e-01 6.257616069204821607e-02 3.430888200991168147e-02 2.191223342592999931e-02 2.101930726126783472e-02
1.188270110075189366e-03 1.212939337088856945e-03 1.114448755999751170e-03 1.371578748668440210e-03 1.057006501369133367e-03 1.148481398038326065e-03 1.078129429152010089e-03
1.311483632909033999e-03 1.182983346500552290e-03 1.112475781142985287e-03 1.757398772357471675e-03 3.672111932155231080e-03 7.771822219025332004e-03 1.539325135326241600e-02
1.212622975129700516e-03 1.275245206541908080e-03 1.129942301394293736e-03 1.653642011830628363e-03 3.572593938687375435e-03 7.860359453227119819e-03 1.528441869240841286e-02
3.405979161445004122e-01 2.051442986947908387e-01 1.153743942731045580e-01 6.270499268566315232e-02 3.437754121801987750e-02 2.162630803480373662e-02 2.110384712204365493e-02
3.625627124570271064e-04 3.314032336823502425e-04 2.588231372269871370e-04 4.120134272200495665e-04 2.991565167879652520e-04 3.529151760689363182e-04 4.439741507536353526e-04
2.273945240487681779e-04 3.370023904847384397e-04 2.775927013459804317e-04 3.767106548584121697e-04 2.314999508851296153e-04 2.554592689123544422e-04 2.484264955403214467e-04
3.579731844043508213e-04 2.420174757380452279e-04 2.921162181333404172e-04 4.548971589874578072e-04 3.844395209931527908e-04 4.164140951195737721e-04 4.153738878416364955e-04
3.480499037402433543e-04 4.252015547306512225e-04 2.103857160187173523e-04 3.089055644605979436e-04 4.698150529320913819e-04 4.688674461944342467e-04 3.108226189102502928e-04
4.654701208318548847e-04 3.025708369475226239e-04 3.073842004883311336e-04 3.789123170145351945e-04 3.374409737847891273e-04 4.533371280089429096e-04 4.031059724167396978e-04
