1.415411449782410513e-01 1.327784997085491303e-01 9.883375756406538593e-02 6.922936189555731201e-02 5.974302896321342926e-02 6.947991682901950850e-02 8.166223777265552153e-02 8.353236019078058572e-02 6.969942607852883110e-02 5.005686332263198368e-02 3.397658551074331235e-02 2.346929068637977275e-02 1.706709813196066738e-02 1.567658126148918293e-02 1.367784871094585020e-02 1.152325201180424627e-02 1.090974797429734855e-02
1.897289709001528631e-03 1.585667248459114850e-03 1.906998596878859732e-03 1.950072079619581721e-03 2.173851765029672506e-03 2.197947961360076190e-03 2.054134030420015893e-03 1.911534871011715334e-03 2.334083038486694985e-03 2.352207032879516206e-03 2.125094593873481322e-03 2.032366117157091614e-03 2.831895615571488820e-03 2.136151729323903115e-03 2.361699162090750200e-03 2.083649761385328834e-03 1.798121043404437777e-03
3.201196449250341969e-01 1.995707879736791646e-01 1.185028978720468890e-01 7.543187591993415209e-02 6.290342849814206660e-02 6.941912889212328852e-02 8.292606512705512356e-02 8.307344569316524319e-02 6.980819856507994303e-02 5.027270392589110182e-02 3.332493120055114721e-02 2.237623931335040728e-02 1.728204768662798194e-02 1.412982647887987483e-02 1.176317537934720367e-02 1.145783032327363574e-02 1.117487451060052671e-02
2.542206691149600638e-03 1.322890944076018710e-03 1.697993788603882571e-03 1.987944969518010314e-03 2.154968796571875463e-03 2.002196115051492562e-03 2.353254286180641187e-03 3.050387991588071092e-03 1.865350635940693762e-03 2.035497519877089989e-03 2.301658970964234625e-03 1.952749290355844337e-03 2.295333239156116881e-03 2.945223099423006138e-03 1.266962581743474956e-03 3.155147546878889903e-03 2.235889910859544926e-03
8.628890309283631863e-03 7.344621188328041492e-03 6.263801263009174600e-03 7.078211226024329512e-03 5.531167510387669656e-03 5.713709348267301258e-03 5.831254595777260116e-03 6.144221199182244540e-03 5.532650313545419730e-03 5.407779931238964125e-03 5.656761295659103704e-03 5.264944869277392824e-03 5.145442459725564979e-03 5.608151627155773949e-03 5.788033429638590917e-03 5.861836887243282793e-03 6.079208945432966298e-03
2.261133093472143894e-03 1.566272289710190146e-03 1.674318531883844854e-03 2.035969890839897396e-03 2.556397943940766013e-03 1.991831040229322808e-03 1.980713414683198635e-03 1.626257492217872457e-03 1.827717909808752829e-03 2.219730107184541678e-03 1.804253781196026724e-03 1.708635201327823134e-03 1.186781919232317252e-03 2.126303010134810486e-03 1.864034709247660909e-03 2.339205983523904697e-03 2.355420648241433618e-03
8.177854741934675181e-03 9.523324619851586403e-03 1.349196281275924503e-02 2.201195956887900054e-02 3.713517282554790883e-02 5.613510311171741179e-02 7.425238659105139194e-02 7.682481472323442195e-02 6.587532526429591695e-02 4.729736921570452252e-02 3.375993554569322458e-02 2.228231783651555761e-02 1.683277226763799789e-02 1.429925705543773004e-02 1.262042025709953462e-02 1.197933225683591764e-02 1.018389701524189707e-02
1.627848034718332258e-03 1.994455500089975086e-03 2.510676239633257128e-03 1.781338386402498905e-03 2.595600568984389109e-03 2.037307845606378242e-03 2.625182225651297770e-03 2.699427015707782200e-03 2.711921505741222288e-03 2.034265879543313994e-03 2.113361347809959018e-03 2.024981594577302240e-03 2.345971770933519794e-03 2.276463261312044323e-03 2.085288962216585735e-03 2.945328216271061485e-03 2.245948392089583238e-03
7.764654888226109157e-03 1.069802439916858749e-02 1.403826041558828286e-02 2.211772655338752405e-02 3.682707793685125602e-02 5.629953443876638264e-02 7.321829090002913987e-02 7.749906766535505365e-02 6.494274442636616129e-02 4.787928407513054180e-02 3.185014340867124011e-02 2.292048279955511900e-02 1.671273772489579451e-02 1.468733626366439636e-02 1.157525613370137541e-02 1.116971112258341621e-02 1.179807074763893245e-02
1.890807592931258337e-03 2.240495454922513188e-03 2.215630967313764795e-03 2.353544377499185505e-03 2.336068437937134645e-03 1.965238238132080689e-03 2.118259371974765600e-03 2.287407774636937910e-03 2.896781817446537725e-03 2.547450042691116415e-03 2.641330709601218390e-03 1.774135599471997468e-03 1.758120464872154828e-03 1.641671264843754061e-03 1.935962644148035965e-03 1.808215864391759077e-03 2.141968477056958777e-03
