1.922538558354751903e-01 1.455880664203967334e-01 1.151057494710697460e-01 8.376072772480711026e-02 5.190903766499621597e-02 2.869724034835325829e-02 1.500364293165049566e-02
1.106721686759572568e-02 1.866226685393796315e-03 6.543691914159349915e-04 6.822803033654668142e-04 7.250072293233756704e-04 7.335809372213443220e-04 6.569314268114679256e-04
2.181663469312401793e-01 1.376055316428901887e-01 7.826325561707983547e-02 4.169645240879528425e-02 2.160964140922496876e-02 1.105543645671130601e-02 5.708132158136043632e-03
2.182218233249265948e-01 1.375493786314349320e-01 7.823723464129679617e-02 4.171494061274966247e-02 2.155454849476550264e-02 1.103211473863916284e-02 5.702179785436781514e-03
1.923027055033249000e-01 1.456547490353488905e-01 1.150008090522110782e-01 8.379265297502122567e-02 5.198184177619769031e-02 2.863797183523415432e-02 1.500097452037524835e-02
2.868450742469244000e-04 1.572032172147290517e-04 1.655680302556998529e-04 2.062270459121058933e-04 2.162488459555264348e-04 2.346879400080938496e-04 2.021242044150570432e-04
1.693359168077712793e-04 1.623816574897093946e-04 1.368878015083489818e-04 2.013971509879774883e-04 1.375750271713413453e-04 1.669297315745275879e-04 1.272473844877655290e-04
2.949804888394669776e-04 2.517821145755264035e-04 2.887577376355851544e-04 2.841768418580690124e-04 2.199990047735087288e-04 2.199195800473008604e-04 2.377833047390238747e-04
3.054128988338204926e-04 2.971390683542977831e-04 2.908348686917271273e-04 2.465070948778187937e-04 2.650559597899780607e-04 1.780405503324004152e-04 2.425114677065759927e-04
2.502608282814324067e-04 2.164523230552896393e-04 1.716891458179594212e-04 2.631790019643268086e-04 1.514909193895518503e-04 1.819731894785241936e-04 2.037062969341821349e-04
