3.344343681541427915e-01 2.024126017291348612e-01 1.170473971390310342e-01 7.093250384667482145e-02 5.466229376805403772e-02 6.124369761362701003e-02 7.360463199891956187e-02
4.689516672045783083e-03 4.573276660678365566e-03 3.982780815811616179e-03 3.099793636702689262e-03 1.522531927269895561e-03 1.372490362456181253e-03 1.444457552602083352e-03
6.699226301161825478e-03 4.872540059913351915e-03 4.160924147094340921e-03 1.196293961362959388e-02 2.709750830447923975e-02 4.656792361425404758e-02 6.388415451664526679e-02
6.855621832805636195e-03 5.015275892042072615e-03 4.031204981439898138e-03 1.226072694817163626e-02 2.686205860894155806e-02 4.676305132339833581e-02 6.396978443533242464e-02
3.344417002347377377e-01 2.024852348279106151e-01 1.171545535879811306e-01 7.078159953044263486e-02 5.476850832496563820e-02 6.108024617506398884e-02 7.349723179404168971e-02
3.059798081871045934e-04 2.746352236536616330e-04 2.251838518843248026e-04 3.601604206188815157e-04 3.442794267822543003e-04 4.496942230156393701e-04 3.870737609755378313e-04
3.347752943986992587e-04 2.934093877818238051e-04 3.725176892435864647e-04 2.975169855185428062e-04 3.057593763873230671e-04 2.056840135625443756e-04 4.397267353014635270e-04
3.246340969675368332e-04 3.180453419947206102e-04 3.564739780908718044e-04 3.369102502727336877e-04 4.505849878769099077e-04 3.943966644567197173e-04 4.970477904749926725e-04
4.169036020306533460e-04 3.658274758715064179e-04 3.057821863041780791e-04 3.848273410606817247e-04 4.043746076144369428e-04 4.277216139049144729e-04 3.806031133695253845e-04
2.267072426062050462e-04 3.938436391857082176e-04 2.215198344231186453e-04 2.451208359260612655e-04 1.902680386057035967e-04 4.614760958322433430e-04 3.293556630489246641e-04
