1.573108518187341098e-01 1.669705893086646520e-01 1.758108394699709476e-01 1.865426892606040221e-01 1.849313160048968729e-01 1.675472691089700539e-01 1.456408431144021187e-01 1.291547812895813274e-01 1.194969668557251535e-01 1.142070378776748329e-01 1.106702755007658440e-01 1.093685816782103692e-01 1.087499251021202679e-01 1.086763617218315658e-01 1.089662568509506546e-01 1.075901354085982142e-01 1.088264590628793965e-01
2.057523937692774894e-03 2.229836571403345010e-03 2.181539679722659369e-03 1.980236197084090603e-03 2.325498600593414907e-03 2.322115719446377069e-03 2.415683429675362631e-03 1.976396530480521545e-03 2.890236592143590258e-03 1.796051180818533655e-03 2.191973201374055290e-03 1.910778349409099222e-03 2.303973482316922904e-03 2.262524289142040304e-03 2.298101399540602302e-03 2.220974682574813203e-03 2.712863616612507835e-03
3.133276610608568546e-01 2.285189177449902798e-01 1.968021542179530514e-01 1.928691386182180834e-01 1.874051888116610998e-01 1.674641871070263743e-01 1.463930405984941174e-01 1.296456625891954650e-01 1.200473240070913522e-01 1.146687399058469586e-01 1.105117263598457689e-01 1.096274179605667143e-01 1.078458948329697742e-01 1.079358914762879040e-01 1.078185230010496320e-01 1.086633941863266173e-01 1.088938679661469039e-01
2.115775090644858233e-03 2.297217783042664833e-03 2.055197157649773371e-03 2.639368308606394355e-03 2.737531705218695151e-03 2.549992043726200669e-03 1.674969147985929394e-03 2.027217320163918375e-03 2.673403973718025458e-03 2.061410376823807032e-03 2.678488511883597278e-03 2.129249644354138347e-03 2.889538174933115391e-03 2.863290195247323623e-03 1.822872765518289938e-03 1.975548177912419753e-03 2.395430547341588761e-03
1.985026597874692961e-02 6.906942789545310324e-03 6.397034441386314010e-03 6.574305780436123618e-03 5.982613972344955761e-03 6.216321222278371403e-03 5.905575902614181028e-03 6.047171609700723559e-03 6.106092653432110100e-03 5.399722241516339075e-03 6.066791906794819986e-03 5.717424905178699820e-03 5.446925918136840891e-03 4.687702043692202822e-03 5.582284873931499074e-03 5.497505757403772265e-03 6.170370039960024547e-03
2.328627476047606063e-03 1.453387280639030239e-03 1.085010357320312412e-03 1.818904871266132034e-03 2.005662526078250477e-03 1.825350961993547211e-03 1.721539893475913926e-03 2.396382424798441067e-03 1.291537340089487975e-03 1.317339048129833939e-03 2.038787281049476898e-03 1.275517865216893023e-03 1.594144174300510903e-03 1.307935591674633637e-03 1.689598365154617535e-03 1.752877837609896714e-03 1.869539757774198998e-03
6.455825715235971596e-02 8.542216685329510895e-02 1.117326884819130617e-01 1.356100023978822622e-01 1.458224713444468690e-01 1.409339572833932797e-01 1.297811553847047772e-01 1.210180054997039428e-01 1.149558129286744057e-01 1.120786826044292417e-01 1.107428804573785952e-01 1.093755486194286364e-01 1.083384637818090857e-01 1.082239521620718403e-01 1.071463076977616086e-01 1.085941369031493825e-01 1.080512330863795112e-01
2.326487918862940509e-03 2.345907974234968680e-03 1.758662514975250189e-03 2.299173638647717451e-03 2.365091697745000388e-03 1.967838711028890245e-03 2.121190307950368992e-03 2.723540425195917960e-03 1.729823846512448153e-03 2.102882440268083637e-03 2.166381887919999021e-03 2.087103706697359794e-03 1.510640592434109308e-03 2.539260918113830402e-03 2.534075168881769896e-03 2.044309841729521383e-03 2.099596013661129967e-03
6.586561505398588756e-02 8.467700195852333189e-02 1.126839094426637378e-01 1.370437266887473138e-01 1.467172047399314949e-01 1.412905576576135580e-01 1.306147465385165962e-01 1.210831085237983745e-01 1.158586044600585091e-01 1.121807709308792339e-01 1.098871091398234273e-01 1.086412769458595245e-01 1.082465015164041783e-01 1.074697502960352269e-01 1.090942815021388873e-01 1.085825396419155264e-01 1.081726761540543202e-01
2.194243977966205648e-03 2.455162242086408094e-03 1.946535263002238149e-03 1.529812581077551930e-03 1.950566691053113536e-03 2.363334462423960156e-03 2.969991295991677733e-03 2.060023558935409910e-03 2.244990680739296623e-03 2.232672846371537307e-03 2.580531160875749845e-03 2.339356594603735507e-03 2.626446068749921717e-03 2.439157538535362962e-03 1.968835766557279401e-03 2.703902388623858569e-03 2.065278432360261561e-03
