2.849779197600941227e-01 1.818464272605676002e-01 1.265742534090445459e-01 1.055336399365748995e-01 9.016010242471336755e-02 6.671853375463357438e-02 4.207229851676715093e-02
2.393280487451452526e-02 4.703004642378225478e-03 4.594959979756699404e-03 2.168541623981758582e-03 1.231029892373259075e-03 1.182886975273427519e-03 9.798342685764563874e-04
5.457171682178413308e-02 3.793781091118920978e-02 2.304471248321853655e-02 2.584459365586784865e-02 3.614356813185976014e-02 3.183973600962524547e-02 2.193968539481182256e-02
5.459593807100100726e-02 3.797345079870650952e-02 2.302820371903100544e-02 2.584875514577501115e-02 3.616962546876564127e-02 3.202841978349818541e-02 2.200142667104964395e-02
2.850399576616177155e-01 1.819601748194742685e-01 1.264216803636574182e-01 1.055346181864435240e-01 9.016128984733332019e-02 6.664364227252034256e-02 4.221660725665223046e-02
3.362586168131109277e-04 2.539704231552888133e-04 3.230662987162477009e-04 3.106758210732829344e-04 4.367686376130393831e-04 3.031539676595762360e-04 3.729757444112507940e-04
2.872609360895146701e-04 3.051040282935410649e-04 2.383934423995846504e-04 3.691968651862742611e-04 2.548492981792839702e-04 2.446663862130324667e-04 1.749616516065855096e-04
2.960767148224056834e-04 3.721604438755689108e-04 2.156459070910862850e-04 3.457337342973836720e-04 4.455464650357062926e-04 4.203567086491904743e-04 3.775717724795893491e-04
2.927232252434574535e-04 3.132028092286231850e-04 2.141143175795954103e-04 3.139429766003884459e-04 2.979550043458980744e-04 3.539205580465517036e-04 4.793206868756763844e-04
2.994124974164405961e-04 3.255725640001056712e-04 3.045127506729190087e-04 3.874878552038709886e-04 3.423519568395809454e-04 3.433030543651766834e-04 3.813167472423871951e-04
