3.147456988046125614e-01 3.651388241439819660e-01 3.998014920784276338e-01 4.100572744171460116e-01 4.062282086429952477e-01 4.000616801940229950e-01 3.955316961507856499e-01 3.927977742868870026e-01
8.068491334812525478e-03 4.774002258314075271e-03 4.631224796079230939e-03 4.490713744620769034e-03 4.564937353349044283e-03 4.793353646760865547e-03 4.830560191486367796e-03 4.287418075344445398e-03
2.297939732154876680e-01 3.052758998804781521e-01 3.545017613878810869e-01 3.787941229790871001e-01 3.881974685672410219e-01 3.903104640574916462e-01 3.911824800981786310e-01 3.910301740806234050e-01
2.309621537472208996e-01 3.066944464412380000e-01 3.573187758222436394e-01 3.827292763881841031e-01 3.898366645841713773e-01 3.919653994576718925e-01 3.909910753363269320e-01 3.915464180570952801e-01
3.821231052050840238e-01 3.939333279562003964e-01 4.134679369670079541e-01 4.161626248397601868e-01 4.100731491552825903e-01 4.016462667572754386e-01 3.964876696086773733e-01 3.940683435639957266e-01
1.907225575126124699e-03 1.408022712549162996e-03 2.181246905930469930e-03 1.243582845425735732e-03 1.278691387864483138e-03 1.283010410007141746e-03 1.172220592958243129e-03 1.113471450439128697e-03
1.555216033863324144e-03 1.421071857409995963e-03 1.513132820003600760e-03 1.496255726584551577e-03 1.361495509554092173e-03 1.499417309062097596e-03 1.524161258539770110e-03 1.208579196389820412e-03
1.834469840289197412e-03 2.543140996944005805e-03 1.390777076393246488e-03 1.563864477072957407e-03 1.307322931701413371e-03 1.324073117390314096e-03 1.121389878908629449e-03 1.261747011267743161e-03
1.682606308671171641e-03 1.803797843768297632e-03 1.589807876198658923e-03 1.570345498577318004e-03 1.155716415649615412e-03 1.345687429944077227e-03 1.019875680924151214e-03 1.399403274230760297e-03
2.218701694820164518e-03 2.120624828245094243e-03 1.727350266592393669e-03 1.512147525950899947e-03 1.600566062123801210e-03 1.223163861285814138e-03 1.179483808870098989e-03 1.337412168716258258e-03
1.576556044391314582e-01 1.654132528477854636e-01 1.768854377200029804e-01 1.860575478010952910e-01 1.836299752419709441e-01 1.672372949137314602e-01 1.457327904453162570e-01 1.297319745192506424e-01
2.018572967836090859e-02 6.728987886327498884e-03 7.106213716786220769e-03 6.329624057873524390e-03 6.244316467258030634e-03 5.097397345471437087e-03 5.449027520518428223e-03 5.915087913684302992e-03
6.473394523314733584e-02 8.592486436040738806e-02 1.125174220646822515e-01 1.352424854588331060e-01 1.458305161487968016e-01 1.410447480099437656e-01 1.308431598101498228e-01 1.208054362892992256e-01
6.475049696292267676e-02 8.675014248239135140e-02 1.134874745955112563e-01 1.357799530631880192e-01 1.465102283196278443e-01 1.414893805501904744e-01 1.309805328777908229e-01 1.208810116379600563e-01
3.142312072816469959e-01 2.283139712308261959e-01 1.967968247195070186e-01 1.929720564132907101e-01 1.885921131693353847e-01 1.679617266340477644e-01 1.461045110552700033e-01 1.302093050799956742e-01
2.540454542848304652e-03 2.316312166601903338e-03 2.222612305475391622e-03 2.138685221686642112e-03 1.643275877993370963e-03 1.495765664782357663e-03 2.269793354892670791e-03 1.959272035369812731e-03
2.234889916161330713e-03 1.795460499898794693e-03 1.669590665458327424e-03 1.613731499972160437e-03 1.686833619175037843e-03 1.286922750535775912e-03 1.947372341880139598e-03 2.185371888290763183e-03
2.221444481219435330e-03 2.131764359699823714e-03 2.524492560286153119e-03 2.481250247112749916e-03 1.719258690012400066e-03 1.845141206281581021e-03 1.496192538378606591e-03 3.024705923345205345e-03
2.606837127223533227e-03 2.094920506292387470e-03 2.103347234537703697e-03 2.265932062537572358e-03 2.169025633718312408e-03 2.395111811332688648e-03 2.161773672680017237e-03 2.006769367114774171e-03
1.804172868349016978e-03 1.896880384474506796e-03 2.015983307137294601e-03 1.799721188729865940e-03 2.522492310311728013e-03 1.820399632135106735e-03 1.743843768184594190e-03 2.530828769212502879e-03
1.416495402250469160e-01 1.329410144331485688e-01 9.866801202485840638e-02 7.014040468592153132e-02 6.059991202615888639e-02 7.021534820797786791e-02 8.111733968557578722e-02 8.304391907109195947e-02
6.458781033377876228e-03 6.544650731939707575e-03 7.059112562923297585e-03 6.409198004113940590e-03 5.544027841163104431e-03 6.043813212408356839e-03 5.824256316088885846e-03 5.204418942673487598e-03
7.732005363831795548e-03 1.016396003647005754e-02 1.432545490146312425e-02 2.285261414719724077e-02 3.633152307767490569e-02 5.573639357361894614e-02 7.336245863392365507e-02 7.817164512747108718e-02
8.087400144586061670e-03 9.454095419073101775e-03 1.352720351772414634e-02 2.128656975951975089e-02 3.642673507178443432e-02 5.486495980746267792e-02 7.353516922716832327e-02 7.862667857771073188e-02
3.209189002439559180e-01 1.993080079930677484e-01 1.190515566663041397e-01 7.498612942310613205e-02 6.224463843918159878e-02 6.925203038227274732e-02 8.258419514264725425e-02 8.369909803313820007e-02
1.472324753978675183e-03 1.672316766719057681e-03 1.978037766526192110e-03 2.416698313109926118e-03 1.511209550490102841e-03 2.401470703935712405e-03 2.730341791110572295e-03 2.054933419850356845e-03
1.513344305340481215e-03 1.920781281747994604e-03 1.716563181044476879e-03 1.741838747054412365e-03 1.760597110056926276e-03 1.738446911340832488e-03 2.080639004969719961e-03 1.484677437044654809e-03
2.481362699337690599e-03 2.053951208774039763e-03 2.449865192499661899e-03 2.916062903886541650e-03 2.652761745927404487e-03 3.039577770750928696e-03 2.692017234135843633e-03 2.407011637782741249e-03
2.353474640831238699e-03 2.228431901413726116e-03 3.290935658648850345e-03 2.513936304277097043e-03 1.995435916878872569e-03 2.595433976466381566e-03 2.099188791010534079e-03 2.782770300850566630e-03
1.944439496152656132e-03 2.260424496684214617e-03 1.878633307579222938e-03 1.421539379379421634e-03 2.570394805590406600e-03 2.135037508573242333e-03 1.479936020397198092e-03 1.665810820960799766e-03
1.435630208245437245e-01 1.333964740068438737e-01 9.320359001214403860e-02 5.707838189880946878e-02 3.350125746912176183e-02 2.267937114816539340e-02 2.257263814436320445e-02 3.165328015535428391e-02
5.758805681983463279e-03 5.509467431177038181e-03 5.275446403757086400e-03 6.316934955450321035e-03 6.593491880638596703e-03 6.268308405123997062e-03 6.612253067818010983e-03 5.978508126920500584e-03
5.934141791548747102e-03 5.639842347249916267e-03 5.788671762567668307e-03 5.560544621748686987e-03 7.217155956270720867e-03 9.491830576636545516e-03 1.806235279739659000e-02 2.846821306189879081e-02
6.092137027738542439e-03 5.751317768703189358e-03 6.407159462160716759e-03 6.650522867261926194e-03 7.566507658422060023e-03 1.024170737959789919e-02 1.725700328465591335e-02 2.982925205500793278e-02
3.240110488333902139e-01 1.979353373364828028e-01 1.124552278401959732e-01 6.184565688940961425e-02 3.499131472027723622e-02 2.263981821990602300e-02 2.325540251230875932e-02 3.274454427019174441e-02
1.453680561458206046e-03 2.405287874980996821e-03 1.601276459668168548e-03 1.723772231680797094e-03 2.073094773512742291e-03 1.929899389320235015e-03 2.167171842299443155e-03 2.470487131834463428e-03
1.970732099408346351e-03 1.836991204949262914e-03 1.564738077543359083e-03 1.824189781541340257e-03 2.309485309490805389e-03 2.415253933180105689e-03 1.886910596161847642e-03 1.650161446652687741e-03
2.168286706962169533e-03 2.319119192607655647e-03 1.994062776493815865e-03 1.891605356381485066e-03 2.170123188961197748e-03 2.056987654117555832e-03 1.801849036737014588e-03 1.929008971109288754e-03
1.853418458392229679e-03 1.871770262719601964e-03 2.681879606675998794e-03 2.109307768143860954e-03 2.631718231845827163e-03 1.645780492982872305e-03 1.906537316497391912e-03 1.931339692857273306e-03
1.864132568805577190e-03 1.510807784881433146e-03 1.772420413645186708e-03 1.524611786212080400e-03 2.189157339418768434e-03 1.704182507230541472e-03 2.141873860282592426e-03 2.215380066073902726e-03
1.433610989613063602e-01 1.324878485875622958e-01 9.199383564998982188e-02 5.478786612019376223e-02 3.037094064515282257e-02 1.678349148523693851e-02 1.059438151058239401e-02 7.861720843437029413e-03
5.326481082621998750e-03 6.126369810555627390e-03 5.512978187506440038e-03 5.444537339169307384e-03 5.830544397403744465e-03 5.792223821650192318e-03 6.182086819120301800e-03 5.432456741344031739e-03
5.550198630984068925e-03 5.508954311170898011e-03 5.062519057141582832e-03 5.597750574538622702e-03 4.750767766599008589e-03 5.053413780040413861e-03 5.814592019301405464e-03 6.212398470340290205e-03
5.512576273941686110e-03 5.650462281069932279e-03 4.866673551175491712e-03 5.543575585256416485e-03 5.041276907160963452e-03 5.753710259426602150e-03 5.469643247504896513e-03 6.161758088902638542e-03
3.231951909971561565e-01 1.982306048367517559e-01 1.119065310629071552e-01 6.005127254350624971e-02 3.099648620654766457e-02 1.614845788791449341e-02 1.032031588511860346e-02 7.011444888493580281e-03
1.794648850322788777e-03 1.450198520299518729e-03 1.848633124242803245e-03 1.818599835580146694e-03 1.425752167645773748e-03 1.877306776929058441e-03 1.592892144893906818e-03 1.851943626910181745e-03
1.965880798471266681e-03 2.024501814051560700e-03 1.987248949197633740e-03 1.812719022274942486e-03 1.440211479588024510e-03 2.019511734667747953e-03 1.955913826549053255e-03 1.764717966920871560e-03
1.774425304481157348e-03 1.440319247911442694e-03 1.242739545915721782e-03 1.422298202276411992e-03 1.170973673414555088e-03 1.621520250931549837e-03 2.196715535811694184e-03 1.937761895798434863e-03
1.672581138828176410e-03 1.853125073520279229e-03 1.252154076050084747e-03 2.148384322764528790e-03 1.682684163966688146e-03 1.321387957387281254e-03 2.000708616947398030e-03 1.419717865740108319e-03
2.301634543718244358e-03 1.573782248699143009e-03 1.927493351690864973e-03 2.050797326609432245e-03 1.762077048235615069e-03 1.813648906187459008e-03 1.716758992544098212e-03 1.677254155701018903e-03
