3.414211600997628659e-01 2.058131492461886813e-01 1.154228524149126384e-01 6.183274392405245512e-02 3.212691618792805348e-02 1.667345014823807051e-02 8.562418340920497153e-03
1.420548801485481492e-03 1.092816770405166454e-03 1.192705956263040174e-03 1.188054261732446933e-03 1.019423477576371449e-03 1.069244817915187846e-03 1.255001897305413295e-03
1.234852196034035834e-03 1.272892657962340938e-03 1.338298652300589546e-03 1.148196921984917431e-03 1.294994394022085625e-03 1.235964396197013334e-03 1.242075581761540237e-03
1.321838567298500152e-03 1.294193616606736930e-03 9.997412294036746132e-04 1.150396363128206902e-03 1.304056352692414388e-03 1.100123327743426308e-03 1.217075925736074140e-03
3.415085154907468445e-01 2.057405408319758211e-01 1.153552329604528026e-01 6.164910061941889646e-02 3.224943652611263895e-02 1.676682116415819518e-02 8.768560362114503209e-03
3.705173151401483012e-04 4.426100864894590061e-04 3.069776287751690286e-04 3.006718284855918388e-04 3.067041512113586298e-04 2.971337368215088521e-04 2.331821028456197882e-04
5.163765183207388995e-04 3.263177605991138697e-04 3.934549627198370681e-04 4.443591322618999648e-04 3.148464896593856032e-04 3.164596380939725716e-04 4.235248183979076490e-04
4.430971000781829807e-04 4.471307540103943334e-04 4.028552158710977217e-04 3.604150241994093467e-04 5.650465425084665733e-04 3.643958452556244959e-04 4.723374481967721502e-04
5.721617507790596486e-04 4.041444594401423420e-04 2.616570106399464897e-04 4.085492449466852981e-04 3.444375082722256950e-04 3.214601005149299588e-04 4.125327175449471388e-04
2.783457030126622366e-04 3.481441278876248532e-04 3.227463794680250934e-04 2.801110226551771477e-04 2.934982404078150214e-04 2.948541678720524605e-04 3.985248284849703332e-04
