3.411548575031576602e-01 2.053766653110489782e-01 1.151789445105597248e-01 6.160111588177301367e-02 3.204639816977986749e-02 1.652480322529010365e-02 8.934723087604585362e-03
1.488507888872060399e-03 1.547643789810349522e-03 1.416450534320712763e-03 1.530578436125526421e-03 1.386517609052614636e-03 1.464169466483645089e-03 1.559710194514176643e-03
1.397977005885619149e-03 1.371260324254675207e-03 1.612158035200780045e-03 1.374298702665455261e-03 1.376930173184133651e-03 1.434222352082909022e-03 1.516101085150641480e-03
1.544876592846284365e-03 1.412591363995969367e-03 1.463912706005397529e-03 1.368153590365041566e-03 1.427369826367232836e-03 1.319397444446767298e-03 1.574291797537117092e-03
3.411431997745081879e-01 2.053891017438951305e-01 1.151728489452970017e-01 6.156682217615612462e-02 3.217958528512374766e-02 1.675487182661115210e-02 8.967821738682440688e-03
3.292353419257066489e-04 3.599188982236324955e-04 3.426989955842649899e-04 3.200712903028994551e-04 2.572621716715544314e-04 3.640886117515341829e-04 2.958941696354181220e-04
3.721516777229811235e-04 3.193580393901505931e-04 3.329081896110068863e-04 2.914452035351994220e-04 1.822428123210949053e-04 2.201792162608237093e-04 3.520546598512240360e-04
2.573258675293080278e-04 4.359899762351886784e-04 3.999240673272876404e-04 3.803227043561947839e-04 3.336518616753948491e-04 3.562764402586945066e-04 2.051498593277767803e-04
4.628422937869740078e-04 2.380868082667284599e-04 3.050336697878213072e-04 4.010632501831861308e-04 3.625855775600592525e-04 2.764560430161554813e-04 3.276250339396966560e-04
2.864260207242783573e-04 4.141729752896583104e-04 3.447445635906004765e-04 3.245702732460899165e-04 3.139442654463470064e-04 2.946743943818033967e-04 3.032576374120400610e-04
