2.005880030221158239e-01 1.107355117676803308e-01 5.461147139690820940e-02 2.035079847222060617e-02 8.215002023500516531e-03 1.432809617680071493e-02 1.663811427403973434e-02 1.385050408833551558e-02 9.513429113971825363e-03 4.929519417208120743e-03 3.448753794829033468e-03 2.399085312918527481e-03 2.259961156431730851e-03 2.045263477040248738e-03 1.877372187937282905e-03 2.030996125424139147e-03 2.151644426529728937e-03
1.545920941679617853e-03 1.088482430479505332e-03 1.153855317482406538e-03 1.166477900297311493e-03 7.608455389781524844e-04 1.187416067910496836e-03 6.811822137003573346e-04 7.916293078923731293e-04 8.495162900003238064e-04 8.917517786986037340e-04 9.212001973622307820e-04 6.402626796273763526e-04 7.723856016082183192e-04 7.019120357828998206e-04 7.209630003665603269e-04 6.301526966442517596e-04 6.722807547330954996e-04
7.678496589755907931e-02 4.854797469003795801e-02 3.015103362555791172e-02 2.183463336840482660e-02 2.124348503609606656e-02 2.311213923274995502e-02 2.132158307602659980e-02 1.662996828545120626e-02 1.009947283255314618e-02 6.139277549910754361e-03 3.297746681948639756e-03 2.392057620691977800e-03 2.037358441199148360e-03 2.322072746221354352e-03 2.097082076321279270e-03 1.837743948984223424e-03 2.219355279396621403e-03
6.727627400201137984e-04 7.124139686669894592e-04 8.218005426423425448e-04 8.251013292415106419e-04 8.362248227661361411e-04 7.144334538660010924e-04 1.003264459131290734e-03 8.017430751738599190e-04 5.612558011239657555e-04 9.517265756931178123e-04 6.491349239307792106e-04 7.345368969696299075e-04 5.942415925370212034e-04 7.510502524617237953e-04 6.047804813500674099e-04 5.677521735723825222e-04 9.456165692950281457e-04
3.242478492882664397e-03 2.937766310073562821e-03 2.242617748854391392e-03 2.272718248292594345e-03 2.038587594134815689e-03 1.884843513865961913e-03 2.219455227019747571e-03 2.186693836713872637e-03 2.026562886654159797e-03 1.831039109319933331e-03 2.134347531138403638e-03 1.924304017504492158e-03 2.166322976538993805e-03 1.909463022508358808e-03 2.138438591813202928e-03 2.164945621057737940e-03 2.057863551754804225e-03
6.787479923145388599e-04 4.468023697167674505e-04 6.511008612450488531e-04 6.697086816566758536e-04 4.861387733204367663e-04 5.137391423316553952e-04 6.181433368585237485e-04 5.949646555480913061e-04 6.958755268892720001e-04 5.113053173158302800e-04 7.051566790656520938e-04 4.974779736575981985e-04 8.084006259557956859e-04 5.838134202789901873e-04 6.333701772134511234e-04 8.359521816080245664e-04 4.358517297964976055e-04
3.853760788877593803e-03 3.836879854948896905e-03 6.041212737951556430e-03 9.934478040932748569e-03 1.588697845406721043e-02 1.968800027821334536e-02 1.849563729802038842e-02 1.494560926219971365e-02 9.415359221685166632e-03 5.642057951071554646e-03 3.281479138047964459e-03 2.989016468274074186e-03 3.057399750210933013e-03 2.980173396550798732e-03 2.691054639620416543e-03 3.142403487442262978e-03 2.848058422365361102e-03
7.783379550596723371e-04 9.057710657535686990e-04 9.359317420562800107e-04 1.189794539274100730e-03 9.367783635440027172e-04 1.222119198195857322e-03 1.104030380197901793e-03 1.062160540450292736e-03 1.089270279029588536e-03 1.191721628584400863e-03 8.500114503838492649e-04 7.732156034065900503e-04 1.079781301495656492e-03 6.492406984432636582e-04 7.358699902765260346e-04 9.657884948242975070e-04 1.074868014546791813e-03
5.315972650484090609e-03 6.577262758073758667e-03 9.132790947881226640e-03 1.368883044938043816e-02 1.956810764726100993e-02 2.271440989475702679e-02 2.072212882033116002e-02 1.642468970834589162e-02 9.903325210768070680e-03 6.198183940576923109e-03 4.189128825032589418e-03 2.872175875610249486e-03 2.636410486295419353e-03 2.840937694950670771e-03 2.767206863540550617e-03 2.611880975899617645e-03 2.838080805219714460e-03
1.250270903046133038e-03 1.435595564193092215e-03 1.366502334118560851e-03 1.271884871428607478e-03 1.319409428643369400e-03 9.004737109209638582e-04 1.208958793515885807e-03 1.134735229858583987e-03 1.504402018943509908e-03 1.502797895314392012e-03 1.429301238308944852e-03 8.353255718183700412e-04 7.186891459363068790e-04 7.391758587601465541e-04 8.556251576037852144e-04 8.143149736313955687e-04 6.450431813711166766e-04
