1.433847560281266698e-01 1.325646872001072230e-01 9.258753060140623159e-02 5.502930337748956902e-02 3.001285554585629914e-02 1.587761025937674958e-02 8.325070200184019054e-03
1.135206894263315457e-03 1.111518152732977015e-03 1.151759098743156042e-03 1.094324604988031278e-03 1.267296761195932245e-03 1.170061404153065199e-03 1.102081063920519249e-03
1.151835589936858837e-03 1.023636012928132817e-03 1.026543067344015767e-03 1.030402435433470888e-03 1.142120609378083958e-03 1.107920480980528278e-03 1.228836675712270286e-03
1.166452809803064346e-03 1.091577407110959786e-03 1.218426581913448301e-03 1.053837691163387984e-03 1.133071149735917493e-03 1.153936597509971993e-03 1.353800772210615386e-03
3.241773781166649715e-01 1.985346818009631475e-01 1.121229243079781002e-01 6.023615115126788183e-02 3.152647299478238130e-02 1.625495871665534955e-02 8.508164885544117553e-03
3.479538260059828717e-04 4.350494309153867759e-04 3.008158905058353708e-04 3.869008763508768206e-04 2.909698741595452857e-04 2.875151524687615348e-04 3.538757114851192155e-04
3.516227799436435261e-04 4.894710148517061312e-04 3.726817940125724663e-04 2.825651666474452220e-04 3.178000386397066956e-04 3.661806309111871388e-04 3.085427261214448470e-04
3.269253341237281338e-04 2.601791281314694412e-04 2.477016372673017191e-04 2.713794211916827461e-04 2.712549607576502102e-04 3.405306701774239394e-04 3.740870022711758670e-04
2.703878070740544227e-04 2.547719935970640449e-04 3.230045208997210887e-04 2.278996896035592821e-04 4.253612199753016142e-04 3.389619909695270141e-04 2.822778727570626864e-04
2.717549832288348576e-04 3.212629384600436183e-04 3.474501653907779118e-04 3.560222361381973756e-04 2.989935081288325235e-04 2.822375381918017408e-04 4.084793224769108465e-04
