1.020706003650549976e-01 9.840253989039329796e-02 9.197517100539209789e-02 9.060453581140921753e-02 8.269538075038977698e-02 6.251347917640422136e-02 4.019204031493940621e-02
2.312294123478860278e-02 4.575347540118129483e-03 4.354984114480718420e-03 1.960326689236389398e-03 1.198092573352302912e-03 1.187390999927704412e-03 1.168510080646665335e-03
4.782778844302677801e-02 3.099996001613963825e-02 1.756007328997239575e-02 2.843909452940238114e-02 3.784170939934685535e-02 3.304819628786938301e-02 2.245944931467686728e-02
4.764097038860784505e-02 3.036334808394368714e-02 1.667624329503143363e-02 2.922653474898414053e-02 3.874523219258974721e-02 3.364531477843343832e-02 2.301984866869430726e-02
2.587723870939134252e-01 1.665550387303345592e-01 1.180622061278536750e-01 1.008278552674247291e-01 8.717040012073150324e-02 6.467433996833349408e-02 4.080170950254135426e-02
2.581632476427911491e-04 2.725286646560173614e-04 2.465622422003378852e-04 3.454328798064029249e-04 3.442310371578114598e-04 3.740698050814892533e-04 3.672929663447257759e-04
2.833958942053252709e-04 2.136699606789019246e-04 3.109752389580337090e-04 3.065753295635869355e-04 2.865217056664483199e-04 3.633337267043749248e-04 3.154676722372863379e-04
4.092471871882998069e-04 4.315576036101735646e-04 2.503372714733155058e-04 2.864661941162469257e-04 3.184658356593480697e-04 3.105973942993278561e-04 3.723387723333286916e-04
4.351879471745789688e-04 2.398636112566311846e-04 1.844353823680822569e-04 3.738888618047227002e-04 3.137169743582859656e-04 2.795726231694748570e-04 3.369112085657553378e-04
3.358347633767657411e-04 3.168412129468086758e-04 3.693946146066049156e-04 4.328815586240785046e-04 3.192563971260111333e-04 3.965196194659095200e-04 3.838685025135048657e-04
