1.834645316000331761e-01 1.502354816618469424e-01 1.249226300374897403e-01 9.311800124607384765e-02 5.930002140313879455e-02 3.356046747013814724e-02 1.791328566353707005e-02
9.984990478923736618e-03 1.610000560449375163e-03 5.430666025110430454e-04 5.353537896908817191e-04 5.574331435408033490e-04 5.039258950725155738e-04 5.481746405762206618e-04
1.724112895206007523e-01 1.150664351780410488e-01 7.872451458119279766e-02 5.277720722384836305e-02 3.249682303353306628e-02 1.845277908946808820e-02 9.858873401739673414e-03
1.721050396857165543e-01 1.155982758603113086e-01 8.110076838126396848e-02 5.606745931767893876e-02 3.538212228380979013e-02 2.026656029628793806e-02 1.088355440401060636e-02
2.229099096894738286e-01 1.750436491710436193e-01 1.400342323407555156e-01 1.020869416205301139e-01 6.444223435540559486e-02 3.638581016566285603e-02 1.940225712250449180e-02
2.627632531078695206e-04 1.583974863452760988e-04 1.996676879848021822e-04 1.537664452757306528e-04 1.702075815322409735e-04 1.822669928977571424e-04 1.639255559525488223e-04
1.344788918745984754e-04 1.309976931902693653e-04 1.302163846153743000e-04 1.563497913140226257e-04 1.775614235551205994e-04 1.362601488792482848e-04 1.696893858563430736e-04
3.032360989300339460e-04 2.126421934520971975e-04 1.420719368125518379e-04 1.013619456565242996e-04 1.158774990804590366e-04 1.547396971634108060e-04 1.220178792823160732e-04
2.437534291689387586e-04 1.696878100347538356e-04 1.434460431619279249e-04 1.630166176190834930e-04 1.355453056435536969e-04 1.105332319981186669e-04 1.094896776368013079e-04
2.468715669202522947e-04 1.692526269564645803e-04 1.432413267773072327e-04 1.081169673725569164e-04 1.405426642560405367e-04 1.639088475593716886e-04 1.641823846070073693e-04
