1.434517896348165844e-01 1.326401010449199114e-01 9.265326732756429262e-02 5.518421243545815896e-02 3.041980280665172037e-02 1.632971304074632909e-02 9.417257363394129083e-03
1.913494171245967452e-03 1.890503016542429944e-03 1.824285167193321830e-03 1.951548447294954762e-03 1.943343666462200251e-03 1.846734377114917251e-03 1.968545925874530186e-03
1.946028403840370470e-03 1.861944172768064103e-03 1.801138637123479713e-03 1.936426245288776476e-03 2.087361326323337960e-03 2.431185676442871972e-03 3.021263796426022948e-03
1.919947207398461876e-03 1.940828712038669039e-03 1.950438039295129085e-03 1.931223256719391546e-03 1.780031371354968972e-03 2.420083102664983242e-03 2.917118095652064189e-03
3.241434657245376716e-01 1.985551769104774711e-01 1.123005354742073747e-01 6.051113363600570116e-02 3.171942665792874816e-02 1.672767048773022777e-02 9.475945179903098869e-03
2.293335245454895582e-04 4.447319694691361219e-04 3.417903288769170923e-04 3.415823935391645231e-04 3.595373977542674535e-04 4.304211588572634485e-04 3.307937380671395933e-04
6.321096414348645895e-04 7.509339698418829789e-04 7.220014922339889219e-04 5.620004432207322508e-04 5.875288068280196813e-04 6.136182509228938105e-04 6.517389300266984622e-04
5.031493652879992203e-04 4.521458310970468027e-04 5.268727610259326538e-04 6.450313518900471690e-04 5.868501210434767627e-04 6.001796159108840900e-04 5.290391068460303155e-04
6.203495321627659678e-04 5.837920845621610627e-04 4.568262283736368077e-04 5.737881265562883330e-04 5.023267486012491199e-04 5.634182334575564468e-04 3.917617670287351422e-04
2.342707493947690500e-04 2.630581453204973766e-04 3.583029100017326722e-04 3.845708263204722648e-04 3.678087704276588568e-04 3.108571306227705163e-04 4.160445272712935921e-04
