1.363751429345202992e-01 1.265887194283915884e-01 9.200293424972186274e-02 6.252186984365022682e-02 5.151795633069124192e-02 5.891318017715241329e-02 7.171563067199986097e-02
5.391241758751471116e-03 5.140017815203149973e-03 4.478002603766044129e-03 3.652815733626065507e-03 2.063441637391177225e-03 1.721688713470849756e-03 2.360479204244258621e-03
7.115959992143735049e-03 5.406496564173321126e-03 4.457474391085665053e-03 1.137262175176690510e-02 2.599226380245793847e-02 4.548612255940367999e-02 6.267200732356316417e-02
7.334022074764802793e-03 5.488564240940232639e-03 4.335373484431007465e-03 1.135314870692445341e-02 2.594106213800728700e-02 4.561096883071730917e-02 6.272376360186414368e-02
3.146559740176048114e-01 1.932307458666349675e-01 1.123909473877932885e-01 6.813547241514926467e-02 5.309729347591539417e-02 5.935915526341611903e-02 7.180932662620276297e-02
2.965835488444135506e-04 2.393893452804762563e-04 3.453558250715227569e-04 2.742666784652302925e-04 4.379537731765324954e-04 4.839960572104328351e-04 3.191379595722667424e-04
3.538158662203073966e-04 3.270965442647174150e-04 3.635134451541912736e-04 3.857256118127529772e-04 4.890950675872887850e-04 4.839434031815123441e-04 6.661973930291979372e-04
4.224773405866018771e-04 3.279793092155656401e-04 5.307291259392497721e-04 5.041188672440512176e-04 3.796687738652400616e-04 4.332677706363029647e-04 3.867471982933679475e-04
3.180848460830550703e-04 2.941036659535425143e-04 5.367037632089240390e-04 4.453645378144327591e-04 3.040994123777366709e-04 3.823135236560685503e-04 3.038995441234612930e-04
3.412766321849178080e-04 3.687030563421814732e-04 3.014779595153099529e-04 3.612255539168765170e-04 3.826481247937759799e-04 3.265932036169503627e-04 3.767576118855286526e-04
