1.431871373361856825e-01 1.324291586319840675e-01 9.290787255999513605e-02 5.611693536489852085e-02 3.275718507874030017e-02 2.157541578047110498e-02 2.155005546906154507e-02
1.447829954616458668e-03 1.434245174203498856e-03 1.424333630758368562e-03 1.257515745367216147e-03 1.448281217591987444e-03 1.467076384017187941e-03 1.443292333464454716e-03
1.258859179404361569e-03 1.425908708562689028e-03 1.578719283377294849e-03 2.663914418393806011e-03 4.553987921678596951e-03 8.691289051277969330e-03 1.646262760206650480e-02
1.313900867748669802e-03 1.576021727179283084e-03 1.707123103228715133e-03 2.643407900158378353e-03 4.752769415902451805e-03 8.755094278891234483e-03 1.622619929767779232e-02
3.236326013901827392e-01 1.982958287621261473e-01 1.125601015552972067e-01 6.155712531048076336e-02 3.418055534263395034e-02 2.201000541903563174e-02 2.180610565915353655e-02
2.459110894755558410e-04 2.883788311738522342e-04 3.456977977714182694e-04 3.105036543597339380e-04 3.185062015897165209e-04 3.166657448816715802e-04 3.358437428709864082e-04
3.572204642420684514e-04 3.680607973226254271e-04 4.128810699656455070e-04 3.339578384378384321e-04 3.338707963532954815e-04 3.433148244867147408e-04 4.139753630148738234e-04
2.207717576782668384e-04 3.205838357404882516e-04 3.356573990206152165e-04 4.379095927151694235e-04 4.575616767296458373e-04 3.757779383478717793e-04 2.835468092805827319e-04
2.564495941563496736e-04 4.066425103857676396e-04 3.214102148386305019e-04 3.555802191933159304e-04 3.262997091952142743e-04 4.039139581660552807e-04 4.369894616727943272e-04
3.329649550370156088e-04 3.226160240170597329e-04 3.769631817793966185e-04 3.795728315603999698e-04 2.948906242891006298e-04 2.693886712166415295e-04 3.859617863709488669e-04
